0.0300308
-0.0206451
-0.0210646
0.0638951
0.00278941
0.00700416
-0.0263568
-0.00286643
0.0531588
0.0680847
-0.0198247
-0.0222149
0.0517893
-0.0129466
0.066572
-0.011374
0.000248651
0.0670493
0.0104349
-0.0372287
-0.0382285
0.0407653
0.0282467
-0.0173569
-0.0613934
-0.0286743
0.00741613
0.033041
-0.0299472
-0.0404271
0.0222071
0.0359205
0.0282549
-0.0274515
-0.00467982
0.0368568
0.00878213
-0.0177031
-0.0140398
0.0374596
-0.00585621
0.0564854
0.000584141
0.0110401
0.0563967
0.000544317
-0.0288583
-0.00839981
0.0712867
-0.00976341
0.0443568
0.0172293
0.0337694
0.0427466
0.0157691
-0.0318447
-0.025868
0.0423667
0.0559717
0.0279405
-0.0319799
-0.0104167
0.0375722
0.0101253
-0.0486699
-0.0278041
0.0622387
0.0604642
0.0487737
-0.0156889
-0.0142412
0.0336855
0.0117035
-0.0246789
-0.000786658
0.0430801
-0.0358844
0.0453732
0.01996
0.0380826
0.0168568
0.0272074
-0.0293744
-0.0100411
0.0059673
-0.0636125
0.00780446
0.0192826
0.0466112
0.0492341
-0.025877
-0.0482567
-0.0181222
0.0236174
0.0276465
0.0524096
0.0119024
0.0244177
0.000131754
-0.0146831
-0.0411021
-0.0208697
0.0163839
0.0232327
0.0257038
0.00455622
0.0341531
0.00622512
0.0254213
0.0230267
0.0155643
0.0180754
-0.0332556
0.00590284
0.0145041
0.0378373
0.0366923
-0.0358716
-0.0390344
-0.0376808
-0.0287554
-0.065108
-0.015987
-0.0176066
0.00711353
-0.0230234
-0.0260558
0.000878299
0.027981
0.0212519
0.0390501
0.00617238
-0.000576022
0.0140855
-0.0160219
-0.0383313
-0.053941
-0.0295517
-0.0279295
-0.0180625
-0.0437909
-0.0247856
-0.0337521
-0.0369128
-0.0253653
-0.0119609
-0.0131776
0.0345327
-0.00172872
0.0205075
0.0187159
0.0445258
-0.0197416
-0.0331329
-0.0575628
-0.050858
-0.00943433
-0.0313146
-0.0101902
-0.0346777
-0.013669
-0.0266775
0.00390455
0.0103997
-0.00851665
-0.00289828
0.0222425
0.00320803
0.0180771
0.050493
0.0125972
-0.0151176
-0.0162769
-0.0536822
-0.0591572
0.00242264
-0.0144916
-0.0195848
0.0223077
0.011411
-0.0480177
-0.0486579
-0.0179607
0.0188488
-0.0189187
0.0165029
-0.00512473
0.0122917
-0.00213024
-0.0606669
-0.0470842
-0.0236675
0.0134149
-0.0267977
-0.00473525
-0.03494
-0.0176051
-0.0306166
0.0105661
0.0308712
-0.0107604
-0.00223462
0.0265228
0.0199622
-0.0124207
0.0424097
-0.000317375
0.00241191
0.0174102
-0.0134443
-0.00843817
0.0407904
-0.0131983
-0.0450846
-0.00170853
0.002923
-0.0364425
-0.0127753
0.000226064
0.043419
-0.0134311
0.0122329
-0.0160427
0.0309965
0.00065656
-0.0493869
-0.0101723
-0.0274367
0.0241013
-0.0360487
0.000920031
-0.038778
0.0316407
-0.0259257
-0.00205932
0.00877371
-0.0133841
0.0194038
0.0627397
0.0181895
-0.0165948
0.0315
0.00798773
-0.0189018
-0.0134174
-0.0296777
-0.00670755
-0.000468126
0.00814385
-0.0657308
0.0111298
-0.01081
-0.0305311
0.0267245
-0.0147605
0.0246094
-0.0276169
0.0387965
-0.0231214
0.0486597
-0.0061255
-0.054998
-0.0174312
-0.0460344
0.00399394
-0.0541952
0.0309771
-0.0384778
0.00325297
-0.0254526
0.0147785
0.0276904
-0.00828534
0.0128412
-0.00173003
0.0243465
-0.00640239
0.0653021
0.0542307
0.00675342
-0.00208783
-0.0511904
-0.0389337
-0.0204501
-0.00510847
-0.00871042
0.0218695
0.016356
-0.0500634
-0.00517999
0.0103451
0.0512546
0.00228814
0.0499396
-0.00330341
0.00396522
-0.0182398
-0.0256208
0.0245496
0.00241246
-0.00268892
-0.033011
0.0182142
-0.01525
-0.0218006
-0.0255917
-0.00583471
0.000387219
0.00918289
0.0104223
0.0124073
0.0242646
0.00449943
0.0189646
0.00695988
-0.0415892
0.00655995
0.0026307
-0.0149568
0.0109872
1.65377e-005
-0.0495358
-0.0261433
-0.0340921
-0.0238764
-0.00368936
-0.0339997
-0.000631725
-0.0332983
-0.0105813
-0.0288846
-0.00809106
-0.00130441
-0.0271585
-0.0418564
-0.0639002
-0.0162598
-0.0372466
-0.00100894
-0.0393687
-0.000582681
-0.0136485
-0.02499
-0.00411306
-0.0225251
0.0119439
0.0129096
-0.00324611
-0.0265839
0.00237533
-0.0158148
-0.00367787
-0.0203749
-0.0440809
0.00907414
0.0126625
0.00498352
-0.010302
0.0252227
0.00829358
-0.0499893
-0.0283508
-0.0338611
0.0123956
-0.010011
0.00603721
-0.0428383
-0.0209664
-0.0218548
-0.0414367
-0.0525349
-0.0284378
0.0169723
-0.0104464
-0.0106107
-0.017659
-0.0185215
-0.030164
-0.0292714
-0.00815943
-0.00625419
0.00366921
0.0248692
0.0147029
-0.0190567
0.0113608
-0.0209789
-0.030258
-0.00746496
0.00647282
0.0242813
0.0350933
-0.0270159
-0.0254342
-0.00839115
-0.036352
-0.0534715
-0.0310644
-0.0147863
0.0349895
-0.0318102
0.0049598
0.00524765
0.0161638
-0.0282974
-0.0402784
-0.00929738
-0.0383935
0.00124494
-0.0755352
0.00883118
-0.0110898
-0.00260279
-0.0169267
-0.0249757
-0.00627001
0.0113789
0.0261285
0.0278713
-0.0205342
-0.0092976
0.00512099
-0.0312804
-0.0156026
-0.000152365
0.0128245
0.0221454
-0.00311822
-0.00973967
-0.0207333
-0.0100526
-0.0139217
-0.0572069
0.0163374
0.0247236
0.028372
-0.0520852
0.0260423
0.0120374
0.0230388
-0.0289469
-0.0812914
-0.00661003
0.0300075
0.00644366
-0.0481935
-0.00605822
0.010213
0.0056987
-0.067208
0.00046839
0.0301369
0.0468239
0.0299632
0.0156824
0.0510835
0.0515703
0.053247
0.00580017
-0.016796
0.0102143
0.0320613
-0.00063391
0.00666305
0.0283258
0.0567948
0.0320605
-0.030782
-0.025891
0.0250825
0.0369971
0.0368584
-0.0331301
-0.0162228
-0.0234307
0.00935074
-0.0117523
-0.00178707
-0.0151991
0.0161171
0.0102991
-0.0432776
-0.0253145
-0.0547914
-0.0704566
-0.015677
0.000877812
0.0269974
0.0511778
0.0228154
0.0262723
0.0126371
-0.0018747
0.011318
0.00651312
0.0175676
-0.0352436
0.0198545
-0.00207468
-0.0165443
-0.0387136
-0.0645916
-0.0539682
0.0179466
0.033304
-0.0185003
-0.0174206
0.00850903
-0.0879174
0.0060145
-0.0241106
-0.0444932
0.0197763
0.020965
-0.0114255
0.00444756
0.00280406
-0.111391
-0.00197404
0.00928791
-0.00363395
0.0318332
0.0365754
-0.0699497
-0.0216898
0.00981344
-0.0361432
-0.00292662
-0.00538453
-0.0392124
0.0417727
0.00686583
-0.0267749
-0.0109932
-0.00495286
-0.050246
0.016215
0.019406
-0.00633427
-0.0109212
0.0648937
-0.013312
-0.0139394
0.0599094
0.045649
0.00242985
-0.0409515
-0.0261901
0.0349067
0.061997
-0.0216775
-0.0144228
0.0441041
0.0313893
0.0380095
-0.00393869
0.00626875
0.066713
0.0149593
-0.0404097
-0.016174
0.0474775
0.0316222
0.014183
-0.0504319
-0.0303135
0.00128594
0.0400493
-0.0286887
-0.000522133
0.0205141
0.0233311
0.0127416
-0.0349578
-0.0169296
0.0346659
0.0304772
-0.0315104
-0.0197709
0.00337661
0.0269583
0.0156437
-0.0366943
-0.0219157
0.0593302
0.0322664
-0.0293839
-0.02253
-0.00141611
0.0272212
0.0377769
-0.00925681
-0.0228091
0.0536162
0.0229209
-0.0364652
0.0195987
0.0178723
0.0479657
0.0324501
-0.0331701
-0.0551111
0.00649248
0.0767715
0.00399735
0.015805
0.0214467
0.00713994
0.0282984
-0.0346968
-0.0330522
0.0421509
-0.0110667
-0.033053
-0.00830028
0.00599099
0.0183194
0.0372243
0.00477451
-0.0142772
-0.0121476
-0.0196627
-0.00378057
0.0103408
0.0143288
0.00456278
0.0387961
0.0325364
0.0334112
-0.0250033
0.0386322
-0.0141418
0.00442285
-0.00221701
-0.0143972
0.0249495
-0.00357773
0.00985921
0.0473929
-0.0267043
-0.0117302
0.0163783
0.0164532
-0.0153811
0.00662968
0.0172499
0.0242446
0.0212254
-0.0461477
0.0103498
0.0208323
-0.000308944
0.0187001
0.025511
0.0250081
0.01862
-0.0563878
-0.0135806
0.00964279
-0.0252343
-0.0562392
-0.0280023
-0.0249147
-0.0286171
-0.0307771
-0.0673137
-0.012993
0.083261
0.089238
0.0513211
0.00171889
0.00287655
0.0300969
0.0350016
-0.0248892
0.024019
0.109006
0.0697584
-0.0166955
-0.0351746
-0.0497851
-0.0344802
-0.0409331
-0.0487543
0.0689691
0.0789471
0.00182596
-0.0449436
-0.023166
-0.0205004
-0.0113794
0.00458566
-0.0190716
0.0417106
0.0479766
-0.0399904
-0.0844996
-0.0502518
-0.0431231
-0.0579374
-0.004885
-0.0221083
0.0890931
0.162433
0.0521344
-0.0272874
-0.0399556
-0.0124297
-0.0280713
-0.0293129
-0.0218481
0.0646181
0.0981091
-0.0355963
-0.0597997
-0.038405
-0.0244204
-0.0470915
-0.0335069
-0.0158341
0.0155078
0.0539671
-0.0218639
-0.0351589
-0.00236463
-0.0028712
-0.027454
0.0414875
0.00141448
0.00446583
0.0247308
-0.028317
-0.0414213
0.004505
-0.0254733
-0.0420054
-0.00453502
-0.029752
0.0240229
0.0993699
-0.0128753
-0.0489172
-0.031324
0.0060913
0.012954
0.0338173
-0.0118243
-0.00717438
0.0591658
-0.0172705
-0.047307
-0.0236934
-0.0342353
-0.00876107
-0.0151089
-0.0251356
0.00399673
0.0331939
-0.000474379
0.00239484
0.038446
0.00634383
-0.0158214
0.0338433
-0.010674
-0.0320299
0.00750599
-0.00576648
-0.0161314
-0.00751112
-0.0274509
-0.031262
0.00866316
-0.0457323
0.0289681
0.0946839
-0.00728241
-0.00244063
0.0177957
0.00725715
-0.00423668
0.00582656
-0.00793008
0.0312036
0.0573301
-0.0178065
-0.0233199
-0.0223189
-0.0376328
-0.0117819
-0.00193921
-0.010787
0.000321423
0.0223274
-0.00819829
-0.0122562
-0.0182107
-0.0109332
-0.0218691
0.031038
0.00298991
-0.00588448
0.0114907
-0.0417916
-0.0249118
-0.0181093
-0.00964449
-0.0264085
0.0250837
-0.00616834
0.0663414
0.0627055
-0.013506
-0.0135713
-0.0207622
-0.0135472
-0.0124647
0.017606
0.0102576
0.0573415
0.0568771
-0.0263473
0.00402435
0.0184859
0.0207291
-0.00324221
0.0224987
0.0554402
-0.04894
0.0108251
-0.00999786
-0.00888946
0.0120261
-0.0081318
-0.0388551
-0.00276106
-0.0203223
-0.0322295
0.0105972
-0.0199175
-0.021295
-0.00123552
-0.0195988
-0.0697944
-0.0439523
-0.0459866
0.0132967
0.0270944
-0.0229619
0.022973
0.065731
0.0526087
0.00827556
0.012425
0.0199883
0.044379
-0.0135773
-0.0405683
-0.00732698
0.0616423
0.0327268
-0.0283364
0.016642
0.0229263
-0.0264488
-0.00344196
-0.0442992
-0.0157069
-0.00503246
-0.0255171
-0.0380603
-0.0292553
-0.0605245
-0.0151817
-0.007689
-0.0385589
-0.0229598
0.00435083
-0.00625941
-0.015236
-0.0334286
-0.0479658
0.0470951
0.0141342
-0.0459602
-0.0188131
0.0445982
0.00090652
-0.0341308
0.000331184
-0.0088227
0.0270473
0.0275756
-0.0148035
-0.0159786
0.0276638
0.0114469
-0.0268521
-0.0376147
0.00932926
-0.0483414
-0.00170769
-0.0195117
-0.0201863
0.0128365
0.0156979
-0.0263121
-0.0327368
-0.0887467
-0.0595099
-0.0212118
-0.0257416
0.00399477
-0.000339079
-0.0293768
-0.0489208
-0.0404231
-0.0712554
0.00654042
-0.00167078
-0.00804918
0.00114087
0.0567409
0.0443048
-0.0138729
-0.0307726
-0.0202805
-0.00490901
-0.0106462
-0.0232285
0.0182429
0.0781727
0.00903297
-0.0131377
-0.0367215
0.00871225
-0.0431753
-0.00546983
-0.00523419
0.0179136
-0.0126595
-0.0494142
-0.0558853
-0.00605186
-0.0536508
-0.0293918
0.00475373
0.001629
-0.0128193
-0.0433483
-0.0353653
-0.0498173
-0.00785859
-0.0628798
0.0072257
0.0366548
0.0117966
0.00863832
0.0316449
-0.0180831
-0.0346707
-0.0222996
-0.0138445
0.000446847
0.0301424
0.0285207
0.00488862
0.017078
0.0333043
0.00685337
0.0197259
-0.017566
-0.0380949
-0.00198501
0.00787669
-0.019541
-0.0414354
0.0180315
0.0116613
0.0367666
-0.0341227
-0.0606163
-0.0512337
-0.0317447
-0.0461207
-0.0488815
0.0110401
0.0129997
0.00485486
-0.0610923
0.00367263
0.0496363
0.0664046
0.0474791
0.0251489
0.0672954
0.0468623
0.0489644
0.0090756
-0.0154774
0.0162009
0.0323256
0.0242405
0.0284198
0.0536986
0.0502128
0.0638667
-0.00834511
-0.0178244
-0.037619
0.00207868
-0.0137139
0.00503569
0.0376014
0.0244296
0.0191578
-0.00546497
-0.00902831
-0.0650922
-0.0328757
-0.0303468
-0.0315249
-0.0329504
-0.0448874
-0.0410501
0.00933803
0.00321192
0.00313442
0.0179598
0.0421529
0.0765224
0.0906835
0.0870988
0.0545223
0.000667415
-0.0600652
-0.0620445
-0.0469638
-0.00667033
0.0178801
0.0223685
-0.0032439
-0.0220986
-0.0463055
0.0290593
-0.0556059
-0.00343732
0.0219423
-0.0281823
0.000572374
-0.0105953
-0.0159983
0.0551514
-0.013902
-0.033747
0.00454264
0.0261718
-0.0174742
-0.00625126
-0.0157656
-0.033688
-0.0109559
0.0164146
-0.0138209
0.00838152
0.0232329
-0.0149042
-0.00398928
-0.00498966
-0.00218682
0.0117961
-0.0318102
-0.0248436
0.0114062
0.0123081
-0.0377534
-0.017393
-0.0193872
-0.038256
-0.0586256
0.0292154
-0.0345286
-0.0139642
0.0493959
0.0431613
-0.00377041
-0.0473693
-0.0348383
0.00709324
0.0707434
-0.0472028
-0.00571993
0.0552059
0.0408375
0.0194411
-0.0414652
-0.0235928
0.0610951
0.0464647
-0.0417286
-0.0384817
-0.0124443
0.0410891
0.012711
-0.026713
-0.0164667
0.0681858
0.0558259
-0.0248109
-0.0244024
0.0433291
0.0475347
0.0478708
-0.0320228
-0.0336851
0.0935516
-0.0163617
-0.0527519
0.00915616
0.0147674
-0.00245938
-0.0465059
-0.0793158
-0.0872044
-0.0548729
0.0749006
0.0806044
0.0690792
0.0380574
-0.0271983
-0.0323201
-0.0532767
-0.0490585
0.0131362
-0.010504
0.0257779
0.115733
0.124135
0.0680155
-0.0114493
-0.066968
-0.100125
-0.034637
0.113438
0.190675
0.218608
0.169706
0.0531712
-0.00227439
-0.0147707
-0.0107543
0.0771838
0.057416
0.0172814
-0.00250077
-0.0419229
-0.0672082
-0.0446521
-0.033252
0.0174831
0.0577875
-0.0197935
-0.00436962
0.0372301
0.00446058
-0.081008
-0.0588829
-0.010651
0.0464526
0.0381864
0.124713
0.13386
0.0649287
0.0290595
-0.0410043
-0.030884
0.0391061
0.110657
0.148245
0.0322634
0.076589
0.0893877
0.0755181
-0.0181475
-0.0125864
0.0960305
0.117033
0.082762
-0.0214039
0.168751
0.219846
0.137653
-0.00713431
-0.0440205
-0.00219481
0.0381675
-0.0457288
-0.00107336
0.154345
0.136897
-0.0048137
-0.0841158
-0.116626
-0.0775862
-0.0535831
-0.109987
-0.0600569
0.147208
0.235094
0.181226
0.028042
0.0216902
0.111956
0.0703497
-0.0412554
-0.0943776
0.0663828
0.0981663
0.00867983
-0.100434
-0.0761452
-0.0144697
-0.060685
-0.156459
0.093742
0.213877
0.106989
0.0101813
-0.0365725
-0.0309015
-0.00427028
0.0266306
-0.00548271
0.0521392
0.0948826
-0.0431413
-0.0723442
-0.0477444
0.00218127
-0.0085053
0.0190191
0.0302277
0.010099
0.0865221
0.0375066
-0.0463234
-0.0773208
-0.0147036
0.00601544
0.00904875
-0.0669742
0.00441736
0.00801024
-0.0756936
-0.1142
-0.10497
-0.0614499
-0.0363634
-0.0109752
-0.0178043
0.0510312
0.112097
-0.0155223
-0.0596765
-0.0521628
-0.00166031
0.0186492
0.0747159
0.0677835
0.059739
0.109078
-0.00807796
-0.0610806
-0.0514204
-0.0286674
-0.00327605
0.0359688
0.0421722
0.012394
0.0358473
-0.0457037
-0.0632382
-0.0868803
-0.0614119
-0.0391785
0.0204279
0.00847392
-0.000490645
-0.0325873
-0.0683388
-0.0864071
-0.0684822
-0.0512287
-0.019321
-0.00484599
-0.0126062
0.0700046
0.130423
0.00861717
-0.00714092
-0.036255
0.0131436
0.024055
0.0464799
0.0593606
0.0819365
0.110321
-0.013886
-0.0349531
-0.0294697
-0.0111174
0.0157705
0.0206895
0.0390985
-0.0201425
-0.00707907
-0.0526609
-0.0399469
-0.0165353
0.00595988
0.024784
-0.0044538
-0.0411227
-0.0469961
-0.0130575
-0.0566568
-0.0489315
0.00136851
0.00419
-0.0235092
-0.0166137
-0.0576451
0.10915
0.113082
0.0169605
-0.0228305
-0.0190945
0.000906263
-0.00222654
0.0319983
0.0631136
0.0930699
0.0836954
-0.0151668
-0.0167545
0.00578412
0.0226308
0.00688587
0.0643099
0.0937297
-0.0394355
0.0227788
-0.0200591
-0.0269464
0.00461208
0.032914
-0.00468124
-0.015177
-0.0801473
-0.0532618
-0.0147876
-0.0392137
-0.0450764
-0.00647443
-0.0140599
-0.0201139
-0.00318838
-0.046833
0.0896189
0.0572162
-0.0426821
-0.0222212
0.0172235
0.0492724
0.0130885
0.0699545
0.0917612
0.085887
0.0271161
-0.0648815
-0.056106
0.011106
0.0268559
0.0142088
0.0637648
0.0738475
-0.0405221
-0.0124771
-0.0654059
-0.0736895
-0.0269175
-0.0177876
-0.029476
0.0194218
-0.0169154
0.0200521
-0.019641
-0.0818245
-0.0925083
-0.0274381
-0.017232
-0.0377435
0.0213482
0.0320831
0.0508918
0.00702664
-0.0494448
-0.07188
-0.0302779
-0.0422059
-0.030665
0.0334591
0.0405662
0.0453468
0.0437581
-0.0251338
-0.0843574
-0.0412374
-0.0409638
-0.0380111
0.00108305
0.0261276
0.0405263
0.0017138
-0.0626138
-0.105017
-0.06267
-0.0664072
-0.0623841
0.0235932
0.0184253
0.083214
0.0807611
-0.00147264
-0.105804
-0.084801
-0.0659642
-0.0362235
0.0332098
0.0547142
0.00197375
0.0244463
-0.0314984
-0.0688261
-0.0187053
-0.0141518
-0.0391635
-0.00355972
-0.0159054
0.000981907
0.00455925
-0.0242637
-0.026221
-0.00574324
-0.0349582
-0.0478491
-0.0144555
0.0149955
0.0501826
0.0950303
-0.0182255
-0.0870106
-0.0752238
-0.0738717
-0.0445957
0.00641375
0.0177523
0.0679617
0.0446991
-0.0434543
-0.0648218
-0.0497535
-0.0631664
-0.0848018
-0.0280311
0.0639861
-0.00835955
0.0159763
-0.00178992
-0.0309415
-0.0551886
-0.059776
-0.0627244
-0.0165438
-0.00709729
0.0175143
0.016159
0.00428531
-0.0223877
-0.0420578
-0.0373951
-0.0510956
0.0031154
-0.0113959
0.0769381
0.0267515
-0.0348526
-0.0813712
-0.0977038
-0.0878853
-0.107691
0.0031672
0.0814296
0.105601
0.0704759
0.000175948
-0.0455151
-0.0752553
-0.0797594
-0.0849091
0.042458
0.107246
-0.0119934
0.046925
0.0431193
0.00669282
-0.0316749
-0.00375727
-0.00111349
0.0117804
-0.0291594
-0.0674905
-0.0146807
0.0214716
-0.0187953
-0.00190612
-0.0118993
0.0148424
0.010919
-0.0715942
0.0704028
0.103321
0.0786835
0.0311935
-0.0245943
-0.00735322
0.00158159
0.0545103
0.0703971
0.012879
0.0256676
0.0545258
0.0157622
0.0471042
0.0484096
0.0501663
0.0616533
-0.000898162
-0.0265274
0.00162618
0.0356905
0.0564257
0.102375
0.102026
0.0690048
0.023881
-0.0267133
-0.0962614
-0.0710133
-0.0528663
-0.0280965
0.00207189
0.00431444
-0.0274624
-0.0673864
-0.0880586
-0.00569584
0.0418666
0.0595975
0.0827252
0.147025
0.161113
0.10032
0.0644192
0.0120504
-0.109468
-0.0878844
-0.0690691
-0.0348129
0.0496378
0.0200815
-0.0338427
-0.07333
-0.0625715
-0.00142927
0.00273381
0.0275453
0.0323216
-0.00927716
0.025661
-0.0100887
0.00307336
-0.00826754
-0.0412481
-0.0225526
0.0235146
0.0026685
-0.0297362
0.0278548
0.0173564
-0.00438368
-0.0525996
-0.0145683
-0.0403828
-0.0236837
0.00987921
-0.0279599
0.0387249
0.00326267
-0.0231155
0.00614328
-0.0240666
-0.0294006
0.00637137
0.00193382
-0.0461463
0.016232
0.0360616
-0.00414623
-0.0325116
0.0381486
-0.0442066
-0.0769941
-0.0376577
0.0271581
-0.00930232
-0.0569303
-0.0427584
0.0530816
0.0581947
-0.0339368
-0.0363765
0.0734395
0.0873732
0.0633895
-0.0537915
-0.05866
0.0766404
0.0631329
-0.0333975
-0.0560113
-0.00285606
0.0329226
-0.03089
-0.0833318
-0.0622072
0.0503629
0.0878724
-0.0356408
-0.0134385
0.0777843
0.0909359
0.068572
-0.0376631
-0.0548887
0.0474133
-0.0629134
-0.0291393
0.0509676
0.122452
0.0868688
0.0537155
-0.020293
-0.0883439
-0.0831554
0.0084071
0.127142
0.150452
0.149905
0.0825539
0.0771749
0.0726545
0.00499529
-0.0280801
-0.0861282
-0.0853126
-0.0289154
0.0540242
0.0840525
0.127263
0.0836479
-0.0403762
-0.0911432
-0.0263651
0.0214052
0.0440687
0.0843864
0.0875032
0.151522
0.174496
0.100687
0.00370353
0.0539858
0.118141
0.0603268
0.0266004
-0.0381008
0.00242357
0.0560298
0.0768559
0.0486885
-0.019255
0.0467414
0.087037
0.026021
-0.018071
0.0167077
0.110403
0.0828577
-0.00881432
0.0395321
0.103635
0.043757
-0.00374225
-0.0156857
0.0399234
0.0816715
0.0904015
0.0299335
-0.0147742
0.0998663
0.114633
-0.00278933
0.0129485
0.0477852
0.116215
0.0448082
-0.0493088
-0.101226
0.0819097
0.189734
0.164684
0.0727342
0.114595
0.161666
0.065964
-0.0929599
-0.155829
-0.0360604
0.0147966
-0.0124074
-0.0406584
-0.00556703
0.0291713
-0.0581038
-0.171124
-0.0690655
0.0814289
0.126748
0.0904543
0.0827948
0.179063
0.22703
0.110863
-0.104246
-0.156487
-0.0481914
-0.016672
-0.0255611
-0.0411063
0.033703
0.048813
-0.0221772
-0.166908
-0.0245683
0.0582382
0.0417206
0.00984503
-0.0159369
0.0420986
0.0475349
0.0293641
-0.0568531
-0.028975
-0.0077016
-0.0499882
-0.0546079
-0.0823898
-0.0461964
-0.0184025
0.00397952
-0.0388783
-0.0506819
0.0518367
0.0166061
0.0330032
-0.0509441
0.0244405
0.0686962
0.071185
-0.0414823
-0.0461149
-0.0166662
-0.0330957
-0.0364922
-0.10078
-0.0684325
-0.0262013
-0.00574649
-0.0242179
-0.0287924
0.00445031
0.00125049
-0.0108054
-0.033484
-0.0157053
-0.00128139
0.0191662
-0.00352439
-0.0523087
-0.0326764
-0.0244088
-0.00961004
-0.0141907
-0.00138393
0.00691229
0.0119709
-0.0353051
-0.0182331
0.0228023
0.00582146
-0.00830395
-0.0451924
-0.0208677
0.00543744
0.00466381
-0.0151889
-0.053333
0.00332646
0.00202625
-0.0159623
-0.0196671
-0.0109778
-0.0192335
-0.0094083
-0.0274953
-0.0907132
-0.00434363
-0.000431014
0.0377205
0.0591951
0.0464462
0.0472697
0.00315316
-0.0882455
-0.135639
-0.0376436
-0.00509932
0.0406123
0.0812511
0.0600232
0.0151575
-0.0301999
-0.146948
-0.0846715
-0.0263504
0.0256811
0.0422189
0.0388345
0.0355942
0.0157727
0.00262188
-0.0685486
-0.116977
-0.0242638
0.0198597
0.0837286
0.0818467
0.0252094
-0.0122192
-0.0456378
-0.120246
-0.105692
0.0271301
0.0401481
0.0771508
0.110214
0.0915023
0.0298817
0.017987
-0.113068
-0.100941
-0.00615518
-0.00353066
0.0374535
0.0637273
0.0119967
0.00773732
0.013454
-0.104317
-0.0851698
0.0236516
0.022397
0.0912227
0.0886678
0.0333829
0.00834246
0.000337382
-0.097387
-0.0878703
0.00343871
0.00727835
0.0270297
0.0385903
-0.0140717
-0.0348897
-0.0131033
-0.0871343
-0.0832714
0.0120427
-0.0119552
-0.000800069
0.0207123
0.0157298
0.00104059
0.0465458
-0.0550041
0.00195347
0.0531083
-0.0228759
-0.0247849
-0.0243606
-0.00273384
0.00258931
0.0543409
0.00352072
-0.0351223
0.00494369
-0.0169666
0.00887329
-0.0116722
-0.0303524
-0.01419
0.015049
-0.058577
0.00697154
0.0547604
-0.0175729
-0.0271755
-0.0394992
-0.0265412
-0.00532471
0.0680115
0.0329142
-0.00992207
0.0494356
-0.0358167
-0.0637172
-0.0585104
-0.0404956
-0.0435327
0.0304713
-0.0178371
0.0642289
0.0985923
0.0162456
-0.0753005
-0.0621863
-0.0539413
-0.0168604
0.086731
0.059891
-0.0118949
0.0479284
-0.0545156
-0.06091
-0.0650408
-0.0550692
-0.0377956
0.0401154
0.00763698
0.0403348
0.0565917
-0.0392193
-0.0570609
-0.0574192
-0.0677556
0.0113242
0.0697571
0.0571189
0.0499978
0.093196
-0.0249581
-0.0682445
-0.0428178
-0.0640809
-0.0408908
0.051054
0.0387591
0.0374076
0.0553212
-0.0561548
-0.0667969
-0.0475469
-0.0483625
-0.0746534
0.00898281
0.0374959
0.00749011
0.0204398
-0.0462316
-0.0686395
-0.0407865
-0.0715592
-0.0190778
0.0711629
0.02263
0.00924164
0.0120532
-0.0598582
-0.0691932
-0.0339356
-0.0677625
-0.0594741
0.0224648
0.0341307
0.0386544
0.0249517
-0.0462178
-0.0978293
-0.0833413
-0.0680724
-0.103033
-0.0131209
0.0830706
0.104772
0.0891351
-0.00920229
-0.0796054
-0.0988935
-0.0810645
-0.0577217
0.0560678
0.124805
0.0528019
-0.0151147
-0.0895041
-0.110681
-0.0941029
-0.0957469
-0.0726416
-0.00851547
0.0445779
0.133014
0.0430331
-0.0505294
-0.0829546
-0.0784738
-0.0804522
-0.0293471
0.0526766
0.123705
0.0398287
0.0652078
0.0185221
-0.00777277
-0.0372161
-0.0399069
-0.00992945
0.0302985
0.0644606
-0.0025085
0.0139328
-0.00412366
0.0114977
0.0589532
0.0570891
0.0283073
0.010901
-0.00437875
0.0807697
0.0359593
-0.0170317
-0.0238093
-0.0136135
-0.00502809
0.0275371
0.0300254
0.0548123
-0.00985377
0.0108327
0.00589054
0.039278
0.0736811
0.0295276
0.0230056
-0.0170409
-0.010554
-0.0226817
0.0198779
0.0302321
0.0896729
0.184277
0.17852
0.050656
0.0137699
-0.0123265
-0.126116
-0.0957683
-0.052559
-0.027444
0.0472931
0.00779775
-0.0440434
-0.0882372
-0.0917461
0.00859814
0.0186844
0.0414568
0.131031
0.167182
0.109492
0.0139883
0.0138968
-0.00828338
-0.0833445
-0.0944786
-0.0397077
0.00644625
0.029839
-0.0338193
-0.109274
-0.119197
-0.121551
-0.0129328
-0.0386008
0.00503404
0.0295544
-0.00725275
0.043055
0.0225166
-0.0181463
0.00995209
-0.0146553
-0.0148317
0.0137984
-0.0048933
-0.0151181
0.00790557
0.0168054
-0.0124253
-0.0205105
0.0122212
-0.0174686
0.0387852
0.0566766
0.0114034
0.0268965
-0.0173519
-0.047317
-0.0113657
-0.0193293
-0.00345542
0.0444486
0.0174618
-0.015889
-0.0116636
-0.012303
-0.0396493
-0.00955029
0.0522709
-0.00167653
-0.020622
0.0125519
0.026698
0.00454661
-0.0397731
-0.0438097
0.00945792
0.0692851
-0.0230867
-0.0355029
0.0400685
0.025855
0.0594792
0.0187318
-0.0265365
0.057671
0.0143177
-0.00931994
-0.0308344
0.0142898
0.0413264
0.0615641
-0.00740836
-0.0281203
-0.00632697
0.0476358
-0.0125802
-0.056323
0.0298162
0.0298029
0.0594607
0.0198374
-0.0129283
0.047603
-0.0491532
-0.0852785
-0.0672294
-0.023864
0.0461723
0.140458
0.134464
0.0446045
-0.0048415
0.0633497
0.0130017
-0.010679
0.00682597
0.0487236
0.18573
0.193447
0.194287
0.117501
-0.0517042
-0.074358
-0.0869063
-0.0435779
0.0053677
0.0333912
0.0333328
-0.0206672
-0.0128318
0.0251043
-0.0216356
-0.048383
-0.00606742
0.00812596
0.0563377
0.0601886
0.0699019
0.0712488
0.1241
0.12619
0.0343423
-0.020809
-0.00890107
0.0448557
0.0626177
0.107812
0.112751
0.0759585
0.158933
0.0890017
-0.0166688
-0.0130419
0.0798007
0.117139
0.100361
0.0290257
0.0437711
0.016778
-0.0274751
-0.0394455
-0.0259866
-0.0299073
0.00494339
0.0178964
0.0440791
0.0194737
0.0710105
0.00726326
-0.054423
-0.0526393
-0.0198845
0.0397124
0.0060391
-0.0121595
-0.0428319
0.0892397
0.0708263
0.0245148
0.0233796
0.161351
0.252446
0.15776
-0.0621733
-0.147343
-0.0521222
-0.0594351
-0.0760959
-0.0970554
0.0174212
0.118801
0.0880525
-0.0723412
-0.0698299
0.0409899
0.00747135
-0.0493866
-0.00127842
0.0959247
0.207537
0.142826
-0.038759
-0.103862
-0.0849912
-0.0956865
-0.105405
-0.0879261
-0.0079763
0.131229
0.147134
0.000463647
-0.0713044
0.0225262
-0.0194558
-0.0228762
-0.110907
-0.0481714
0.037599
0.107133
0.00149513
-0.0307825
-0.00750594
-0.0484585
-0.0664505
-0.145738
-0.0985067
-0.0616654
-0.0022402
-0.00271324
0.00427532
0.00994611
-0.0152653
-0.0156544
-0.0296882
-0.00720437
0.0941239
0.214076
0.09456
0.0248194
0.0310733
-0.0240944
-0.0254973
-0.049355
-0.0344237
-0.0233349
0.0836661
0.0607176
-0.0210903
0.00913634
-0.0336199
-0.0470782
-0.104699
-0.0535534
-0.0311683
0.0296446
0.01001
-0.0212898
0.00548653
-0.0176838
-0.0527151
-0.0743432
-0.0748883
-0.0603464
-0.00331333
0.00181745
0.0516023
0.0631308
0.00483986
-0.00684229
-0.0488658
-0.0350279
-0.0011821
0.107672
0.0709776
0.0482509
0.0321375
0.00650416
-0.0355767
-0.0434454
-0.0485267
-0.0154921
0.101278
0.0798225
-0.0412523
-0.0129613
0.013002
0.0123342
-0.0188252
-0.0271628
-0.0327001
-0.00688472
-0.00735105
-0.0632117
-0.0499647
-0.0419261
0.0116022
-0.0102025
-0.0539634
-0.049331
-0.0203435
-0.0481496
0.0631144
0.0386969
0.0263906
0.021333
-0.0264553
-0.00644134
0.00709321
0.108866
0.0879694
0.0397961
0.00574966
0.0196192
0.0317216
-0.0110346
-0.0326914
-0.0108583
0.0901185
0.0946175
-0.06181
-0.0320259
-0.0443298
0.0231788
-0.0332911
-0.0481788
-0.0242097
0.0170583
-0.0346428
-0.0340792
-0.0315391
-0.0527521
-0.0132878
-0.0489161
-0.0722983
-0.0579423
-0.0156776
-0.0504984
0.0882873
0.0412085
-0.00813189
0.0397415
0.000848319
-0.0343315
0.0252878
0.10451
0.11262
0.103836
0.0734376
0.000281162
0.0345274
-0.0045587
-0.0425099
0.000664931
0.0879958
0.0957475
0.0191021
0.00652042
-0.0172643
-0.0194201
-0.0725657
-0.0888057
-0.0733127
-0.00778175
-0.0258031
0.0320314
0.0213367
-0.049985
-0.0498964
-0.0581333
-0.0882316
-0.0874369
0.00363929
0.00436614
0.0880899
0.0851129
0.0310415
0.0365965
0.00295588
-0.0394226
-0.043333
0.0562419
0.0728532
0.036955
0.057047
0.0196469
-0.00135683
0.0218834
-0.0404795
-0.0641634
0.0384452
0.0560998
0.0301277
0.0338975
-0.0658763
-0.0689367
-0.0633192
-0.0657049
-0.0593735
0.0440733
0.0549646
0.0521406
0.003498
-0.0829749
-0.0934569
-0.0996875
-0.0896549
-0.0297982
0.0724255
0.0718821
0.0397547
0.0201386
-0.0264221
-0.0347207
-0.00789413
-0.036167
-0.0544347
0.0353882
0.0698361
0.0633369
-0.00460626
-0.0756993
-0.0726605
-0.028456
-0.0673013
-0.037936
0.033144
0.0545692
-0.00282164
-0.00909888
-0.0555845
-0.0861811
-0.076037
-0.0751983
-0.0311934
0.0948573
0.0398926
0.0372269
0.0020976
-0.0604386
-0.080414
-0.0523559
-0.0637119
-0.0489943
0.063861
0.0574594
0.00641992
-0.00131559
-0.0544705
-0.0258329
-0.00342206
-0.0443288
-0.0285695
0.0242632
0.0101248
0.00536382
-0.0269138
-0.0661658
-0.0273471
0.0247699
-0.021638
-0.0481633
0.00538544
0.00225852
0.0705401
0.0241978
-0.0772318
-0.100405
-0.0962627
-0.0791498
-0.054348
0.0295761
0.0874644
0.124798
0.0434652
-0.0570857
-0.0638276
-0.0477289
-0.0247847
0.00843751
0.0696754
0.129386
-0.0241313
-0.0415652
-0.087735
-0.0616905
-0.0501704
-0.0421618
-0.0330143
-0.015517
-0.013368
0.00181743
-0.0288785
-0.0606079
-0.0387991
-0.0144626
-0.00925481
-0.000550235
0.00668045
0.0328013
0.0712487
0.0558859
0.00541965
-0.0120713
0.00335093
0.0530311
0.0847981
0.0871688
0.0785573
-0.00952012
0.0499894
0.0385074
0.0269541
0.0462979
0.0518956
0.0806051
0.0381618
0.00811614
-0.000724217
0.00254402
-0.0064918
0.0129549
0.00582593
0.023346
0.0427148
0.0502982
0.0166451
-0.0658591
-0.0148752
0.00283308
0.00552227
0.0240236
-0.00056844
-0.00405544
-0.00935301
-0.0545681
0.0329433
0.0430446
0.0978037
0.150558
0.157424
0.0975032
0.0527454
0.0341601
0.00947976
-0.0476862
-0.0691245
-0.0220249
0.038271
0.047597
-0.0295553
-0.0691041
-0.0747481
-0.0791199
-0.00388712
0.0101346
0.0653867
0.117981
0.102744
0.0609803
0.0193226
0.00777993
-0.0271815
-0.0598724
-0.0834715
-0.0398368
-0.00476788
-0.00722573
-0.0489159
-0.0676973
-0.0768502
-0.0780959
0.00748779
-0.0114227
0.0270805
0.0603782
0.0175312
0.018868
-0.0171553
-0.0328227
-0.00489601
-0.0323414
0.0185769
0.0596557
0.0339941
-0.026413
0.0195941
0.00397797
-0.0299712
-0.00412462
0.013199
-0.0132525
-0.00432425
0.0181873
-0.0177601
0.0168518
-0.0106734
-0.0143903
0.00715419
-0.0316953
-0.00781924
0.0394292
-0.00634367
-0.00267884
0.00837093
0.00066986
-0.0103364
-0.004481
-0.00311669
-0.0425999
-0.0369242
0.0293016
0.0383916
0.0522285
-0.0189665
-0.0487603
0.0093304
0.0208434
-0.00596265
-0.0269338
0.0333793
0.00072338
0.0271212
-0.00689034
-0.0334756
0.0522619
0.0113828
-0.0202471
-0.0312575
0.0412081
0.0686977
0.0813927
0.00476826
-0.00949506
0.0353683
0.0468567
0.0113078
-0.00430887
0.0482679
0.0426084
0.0606246
-0.0033246
0.000847604
0.051544
0.0110164
-0.029612
-0.0392767
0.028037
0.0185645
0.00484048
0.0168999
-0.0147914
0.0371443
0.0413761
-0.0435379
-0.0395405
0.0186172
-0.00155416
-0.00311026
0.00961178
-0.00436463
0.0797426
0.0547803
0.00583926
-0.036373
0.00835086
0.0131475
0.0218282
-0.0106229
0.000750866
0.0372025
0.0420919
-0.0130796
-0.00530457
0.028358
0.00702605
0.0210406
-0.0207495
-0.00972035
0.0412358
0.0349087
-0.0125149
-0.00517212
0.0230367
0.0192736
-0.00601747
-0.00901444
-0.00300196
0.0417918
0.0149379
0.0542722
0.0372378
0.00860075
0.00957978
-0.00129999
-0.000431451
-0.00491219
-0.00662959
0.0138126
-0.0170879
0.00690917
0.0294312
0.0181902
0.0333146
-0.0222117
-0.0143845
-0.0012672
-0.0147614
0.0485951
0.0434066
0.00523148
0.0119343
0.00675293
-0.0124085
-0.0240273
-0.022941
-0.0410828
0.0443618
0.0407182
-0.00202392
0.00400654
0.0257013
0.0807987
0.0593459
-0.0247472
-0.0664604
-0.0424229
-0.0376697
-0.049982
-0.0458918
-0.0208577
0.0580947
0.133344
0.0133755
-0.034455
0.0274097
0.0189292
-0.000314351
0.00543685
-0.0238019
0.00319081
-0.0125576
-0.0531067
-0.0638391
-0.0230806
-0.0304686
-0.0295094
-0.0321977
-0.0733452
-0.0482904
0.0151846
-0.0409906
-0.0455329
-0.00440623
-0.0327169
-0.00504255
-0.0227786
-0.0166637
0.0378309
0.176389
0.0597162
-0.032099
-0.00627612
-0.0644059
-0.0416488
-0.0326671
-0.0318491
-0.0276784
0.104931
0.0477192
-0.0708092
0.00161528
-9.27241e-007
-0.0134174
-0.0199505
-0.0277191
-0.016451
0.065963
0.0146012
-0.0401655
0.00956679
-0.0345934
-0.0411691
-0.0284556
-0.0554457
-0.0325778
0.035277
0.0214763
-0.00245839
0.0185846
-0.0228182
-0.0217072
-0.0354654
-0.0210227
-0.0282846
0.0940307
0.0521692
-0.00593948
-0.0155331
-0.0151027
-0.0454471
-0.0281023
-0.0341502
-0.0353742
0.045489
0.0243627
0.0211337
0.0305533
-0.033582
-0.0281891
-0.00871186
-0.0401616
-0.034151
0.0552199
0.031479
0.00593841
-0.0146372
-0.0557862
-0.0315787
0.0102766
-0.035339
-0.0492717
0.018123
0.0382227
0.00169213
0.0246446
0.0141847
0.0273039
0.0127483
-0.000622932
-0.00800554
0.0813313
0.0340235
-0.00721701
0.00315566
0.00152167
0.00421428
-0.0122143
-0.0152665
-0.00702953
0.054343
0.0267339
0.00550499
0.0109024
-0.0192518
0.0111523
0.0406039
0.00383421
-0.0244327
0.0296618
0.0201029
-0.0233611
-0.00412525
-0.0458102
-0.0152826
-0.0167517
-0.0213451
-0.0250472
-0.0054209
-0.0252635
0.0187338
0.0322329
-0.00321701
0.0252726
-0.00456255
0.000984558
0.00342264
0.0810689
0.0805961
0.0308195
0.0444564
0.00413401
0.0396865
0.0162405
-0.00352389
-0.00373223
0.0503581
0.0450577
0.0171498
0.0564163
-0.0128877
-0.0116457
-0.00544073
-0.00664306
-0.0202451
-0.00535094
-0.0205549
-0.00209404
0.0210129
-0.0104232
-0.0193296
-0.00553591
-0.0361684
-0.0498911
-0.00448482
-0.0150608
0.0103747
0.027093
0.0225208
0.0709135
0.0760661
0.028671
-0.0121419
0.0325864
-0.00100087
-0.0304487
0.0215703
0.00580189
0.032879
0.0568164
0.0359119
-0.0308851
-0.00324464
-0.00651129
-0.00883603
0.00395999
-0.0256421
0.00941098
0.0435023
-0.00415487
-0.0436604
-0.00683793
-0.0298774
-0.0408387
-0.0368639
-0.0672864
-0.0141177
0.0394129
0.0135335
-0.0467324
-0.0111054
-0.0602234
-0.020951
0.0234487
0.000537143
0.0240742
0.0402303
0.0312186
-0.035709
0.0132329
0.0325818
-0.00886004
0.00658333
-0.0374727
-0.0158026
0.0163919
0.00579503
-0.0212235
0.0246229
-0.00303792
-0.0613892
0.00243112
-0.0303986
-0.00632837
0.0306045
0.00509688
-0.048538
-0.0259525
-0.0319592
-0.0414942
-0.000964306
-0.0120397
-0.0214519
-0.00276867
-0.0154319
-0.0588796
-0.0450987
-0.0405576
-0.0189947
0.0063141
-0.0209645
0.0160203
0.0555736
0.0239154
0.0078521
0.0134313
-0.027027
-0.0123039
-0.0171312
-0.015008
0.0236538
0.077174
0.0463581
-0.00775339
-0.00304329
-0.0317996
-0.0612007
-0.00758843
-0.0260864
-0.00378604
0.0268494
0.00613636
-0.0396047
-0.0196772
-0.0695705
-0.0446997
-0.0358239
-0.0280742
-0.0159325
0.0211935
0.0412542
-0.0352746
-0.0373217
-0.0455182
-0.030217
-0.0172698
-0.0328329
-0.003835
0.0315788
0.031634
0.00925296
0.0215452
0.0201954
-0.00970337
-0.000784377
0.00332316
0.00501151
0.0204712
0.0284298
0.0366871
0.0381774
0.0164973
-0.0269902
-0.0393081
-0.0439322
-0.0325955
-0.000332181
0.0204833
-0.0185272
-0.0167321
-0.00645813
-0.0349393
-0.0436072
-0.0522716
-0.0639053
-0.0174689
0.00884808
-0.0023708
-0.0177046
-0.0163157
0.0165016
0.0473135
0.048544
0.0564109
0.0505955
0.0713975
0.0679261
0.064962
0.0180533
-0.0088828
0.0670911
0.0669993
0.0627161
0.016675
0.0178722
0.0167114
0.00873973
-0.0152925
-0.0229063
0.0132153
0.0233969
-0.0223777
-0.00401485
0.028013
0.0153038
-0.0196968
-0.0361473
-0.0602766
-0.00787225
0.00485301
-0.0203074
-0.0465038
-0.0389923
-0.0147717
-0.0643375
-0.0703013
0.0265575
0.0653212
0.097474
0.107206
0.0557894
0.0365059
0.0465405
0.0243348
0.00517425
-0.0244322
-0.0189665
-0.00426817
0.013628
-0.0022304
-0.0237225
-0.0220981
-0.0304607
-0.0587324
0.00998549
0.0205177
0.0344469
0.0180951
-0.0199639
-0.0269417
0.0278669
-0.0277067
-0.0249659
0.00103843
-0.0458717
-0.0455438
-0.0406829
-0.0542465
-0.0413964
-0.0326136
-0.0425062
-0.025447
0.0288295
-0.00901073
-0.00952158
-0.0100259
-0.00431872
-0.00593585
-0.0204007
-0.0223741
-0.00406971
-0.0254019
-0.024174
0.00483686
-0.0316699
-0.0232592
0.0133675
-0.00895269
-0.0247725
-0.0134418
0.0423463
-0.0274786
-0.0330801
-0.0113597
-0.0382099
0.0342078
-0.0166587
-0.0313237
0.00206198
0.0144583
-0.0367823
-0.0131651
-0.00778296
-0.0192219
0.0317923
-0.0259489
-0.0427699
0.0105532
0.0193825
-0.0286078
-0.0439278
0.0113754
0.0428985
0.0523064
-0.0119147
-0.0356173
0.0161392
0.052663
-0.0192588
-0.0293611
0.0200203
0.0394461
0.0464652
-0.0165642
-0.0280042
0.0401204
0.0427339
0.00963029
-0.0059194
0.0620544
0.00832039
0.0600556
-0.020985
-0.0438036
0.00367358
0.0721669
0.0141741
-0.0169233
0.0567445
-0.00190363
0.0630862
-0.00488178
-0.0135919
0.0623185
0.0370114
-0.0130492
-0.0202463
0.00909626
0.0236367
0.0219624
0.00788652
-0.0267416
0.0224787
0.0405023
-0.0260692
-0.021412
0.02725
0.019886
0.0348869
-0.0106028
-0.0220884
0.016421
0.0673271
-0.00568664
0.00716188
0.0503373
-0.0191694
0.0389369
0.029108
-0.01063
0.0245934
0.0465693
0.0302822
0.0456324
0.0362119
-0.0377708
0.0432613
0.0415898
0.00244146
0.0305882
0.0207478
0.0192185
-0.000556058
0.0391661
0.0169279
0.0328038
-0.0117886
-0.030608
-0.018378
0.00619927
0.042388
-0.00249548
-0.0079455
-0.000215843
0.00433218
-0.0181603
-0.0500003
-0.019499
0.0174132
0.0339707
0.0344866
0.0482998
-0.0647207
0.0460755
0.0264482
-0.0020109
0.0158976
0.0627185
0.0566016
0.0357532
0.0419683
-0.0711572
-0.00690863
-0.0126344
-0.0136682
0.0438571
-0.000328558
0.0230802
0.0138559
8.00045e-005
0.00956771
0.0106981
0.0168761
-0.0151904
-0.036209
-0.0205622
-0.0248028
-0.00739942
-0.0138404
-0.0134561
-0.0480535
-0.0555859
-0.0462476
-0.0584733
0.0476393
0.0260605
0.00441887
0.039054
-0.0407463
0.0200445
0.0103164
0.0180086
0.0301558
0.00617437
0.00270806
-0.0274453
0.00698401
-0.0648893
-0.0113063
-0.0249081
-0.0228581
-0.0235765
-0.025687
0.041226
0.0532256
0.0315454
0.0514655
0.0106734
-0.023874
-0.00352707
-0.0351333
-0.0252302
0.00567297
0.0128356
-0.00454175
0.0297333
-0.0248934
-0.0344167
-0.0376157
-0.0390844
0.0013086
0.043188
0.0161306
0.0400427
-0.0190225
0.0422758
-0.00779462
0.00309456
-0.0184733
-0.00629158
0.00518316
-0.0197416
0.00385751
-0.04973
0.000361905
-0.0616912
-0.0367336
-0.0190278
0.00268388
0.01548
-0.0218498
-0.000465133
0.0699102
0.0113133
-0.0343602
0.000100585
0.00360052
-0.0213311
-0.0405796
-0.0793006
-0.00396307
0.0623173
0.0033514
-0.0515365
0.00204917
-0.00508305
0.0114013
0.0119106
-0.0109616
0.0197747
-0.0264293
0.0239146
-0.0478863
-0.0488486
-0.0235213
-0.0342861
-0.0277661
-0.044258
3.00301e-005
-0.0501644
0.00950336
-0.0609053
-0.0714446
-0.0419274
-0.00819277
-0.00513855
-0.0359954
0.00589108
0.085107
0.0392003
-0.0128318
0.00410026
-0.00744302
-0.0255711
-0.000830823
-0.0625445
-0.00488659
0.0230637
0.00147613
-0.0390547
-0.0324374
-0.038831
0.000753112
0.00549987
-0.0170713
-0.00400211
-0.0423584
0.058097
-0.0132999
-0.0335753
-0.00721312
-0.0367012
-0.00821431
-0.0650799
-0.010284
-0.0515479
0.0484222
-0.0246455
-0.0216634
-0.0412319
0.0323974
0.085602
-0.000396106
0.0211327
0.0351754
0.0142045
-0.0129336
0.00334733
-0.0106236
-0.0140251
0.0401808
0.00414111
0.00282927
-0.00785143
-0.0215544
-0.0415322
-0.0159076
-0.0294129
0.0095931
0.0510311
-0.0361075
0.0226488
-0.0269466
0.0614662
-0.0130053
0.0102203
-0.0144376
-0.0214237
0.024915
-0.0311389
-0.00727705
-0.0566441
-0.017327
-0.047678
-0.0213936
-0.047209
-0.00662255
0.0268994
0.0178483
0.0284808
0.0313932
0.0138243
-0.00450616
0.00223347
-0.0103743
-0.02189
-0.0329431
-0.0336443
-0.0100048
0.0359467
0.0293126
0.00366112
0.00436402
-0.0423075
-0.0219575
0.00202445
-0.0168873
0.00809272
-0.0240572
0.0348667
-0.0120105
-0.00324134
-0.0485143
-0.000643331
-0.00108779
-0.0295434
0.00378836
-0.049429
0.0291714
-0.0150102
0.0139313
-0.0160876
-0.00882853
0.0159576
-0.00302445
-0.0132071
0.0190951
0.033542
-0.000676675
-0.0167716
-0.00505321
0.0100749
0.0302969
0.00804339
-0.00417369
0.0102413
0.00287261
-0.0330315
-0.0388076
-0.00804906
0.0257636
0.0307406
-0.0199339
0.00306951
-0.0749354
0.00151469
-0.0264276
-0.00798251
-0.00606855
-0.000312169
0.0248768
-0.0167143
0.0091275
-0.0777944
-0.0195965
-0.0462086
-0.0404476
-0.0171625
-0.0296322
0.0135398
0.0113668
0.0185454
0.0491766
0.0523827
-0.00403572
-0.028968
-0.0589915
-0.0490856
-0.0274389
-0.00519894
-0.00416116
0.0481089
0.0503034
-0.00641718
-0.0225638
-0.0514654
-0.0106164
-0.0133576
-0.0167372
0.00245279
-0.0361441
0.0356019
-0.020646
-0.0375545
-0.0316358
-0.029769
-0.0176471
-0.0197266
-0.0131792
-0.0715813
0.0261717
-0.0172733
-0.0374457
-0.0199787
-0.0219513
-0.0277391
-0.0112582
-0.00245503
0.0365697
0.0307985
-0.00344303
0.000267438
-0.00225368
-0.0115788
-0.0240256
-0.0134411
-0.0215331
0.0165269
0.00905938
-0.0148537
-0.0249603
-0.0141549
-0.0229816
0.0229997
-0.00514348
-0.012616
-0.0777607
0.0126777
-0.00371635
-0.0155378
-0.0208652
-0.0226783
0.0110915
-0.0203699
0.000786066
-0.0787021
-0.0250628
-0.0169833
-0.00629546
-0.0370322
-0.00847928
0.0257381
0.0550718
0.0294397
0.0527524
0.0518374
0.0395252
0.000832788
-0.0115506
-0.0414766
-0.0100958
0.0199165
-0.0319859
-0.00732355
0.00176906
0.0229573
-0.0172876
-0.0361443
-0.0424517
0.0278952
0.0159205
0.0174882
-0.0512407
0.053576
0.0425155
0.0279544
-0.0584091
-0.0521717
-0.00134776
0.00901929
-0.0411371
-0.0485663
0.034108
0.0221709
0.00671341
-0.0666341
0.00345159
-0.00452451
0.00265934
-0.00997967
0.00465899
0.00495508
0.0479773
0.0231402
-0.00846482
0.0106333
-0.0483452
-0.0371748
-0.0151325
-0.0191889
-0.0249182
0.0116949
-0.0129645
0.000721154
-0.00212465
0.0324754
0.020636
0.00911038
-0.0253701
0.0384611
0.0654234
0.04998
-0.00376293
-0.00340663
-0.0394276
-0.0139682
0.0149643
-0.0678518
-0.0225321
0.0305117
0.0112054
0.00457917
0.0158501
-0.0523234
-0.0261313
-0.013947
-0.0482632
-0.000672202
-0.0100806
-0.0395803
0.0174667
0.00845989
-0.0230092
-0.00190077
-0.0171438
-0.0368347
0.00414043
-0.0158147
-0.0396724
0.0121306
0.020409
-0.0370939
-0.0295578
0.000968771
-0.10831
0.00710793
0.023379
0.0129748
0.0321898
0.0294483
-0.00314922
0.0104687
-0.018255
-0.097608
0.0168826
0.0297323
0.00577582
0.0218856
-1.89687
