0.0314578
-0.0252699
-0.0416628
0.0444981
0.0178436
0.0385911
-0.0280957
-0.00128545
0.0478932
0.067009
-0.00870388
-0.016002
0.0267334
-0.0136012
0.0348783
-0.0304331
-0.0206142
0.0580879
0.00946424
-0.020807
-0.0267549
0.0596033
0.0477932
-0.00150652
-0.0713099
-0.0405626
-0.00869061
0.0383463
0.00473508
-0.0190343
0.0497324
0.0357454
0.0328654
-0.0349954
-0.0276437
0.0126531
0.0365091
-0.0189613
0.0109971
0.0295422
-0.0184103
0.0347062
-0.00267751
-0.0118544
0.0584485
0.0262951
-0.000874051
0.00195634
0.0390951
-0.00688729
0.0240713
0.023252
0.0416731
0.0503824
0.0341315
-0.0329048
-0.00483333
0.0367811
0.0438517
0.036806
-0.0188911
-0.0187579
0.0305256
0.00572737
-0.0321008
-0.0327669
0.0350211
0.0722439
0.0497535
-0.0172134
-0.0240633
0.0214016
0.00475026
-0.00861916
-0.00833816
0.0239593
-0.0531597
0.0312365
0.0247549
0.0592884
0.0312308
0.0437391
0.00619346
-0.00178388
-0.0130162
-0.0587743
0.0460669
0.0273003
0.0590365
0.0564616
-0.046965
-0.0186918
-0.0143207
0.0350922
0.0195409
0.0492366
0.0111661
0.025234
-0.0196587
-0.0292075
-0.01029
-0.0127974
-0.0114041
0.0114349
0.0419798
0.0150042
0.051327
0.00335227
0.0482793
0.044411
0.0224287
0.00585046
-0.0454351
0.0368864
0.010501
0.023082
0.0381763
-0.0165515
-0.000370927
-0.0326871
-0.0202736
-0.0699703
-0.00725157
-0.0490745
0.00734324
-0.0143809
-0.0206916
0.022446
0.0161834
0.00475394
0.0328766
0.0192426
0.0115579
0.0282136
-0.0154364
-0.0446812
-0.0262279
-0.0391367
-0.0207633
-0.0389895
-0.0359604
-0.0381001
-0.00913814
-0.0399759
-0.0242597
0.00906995
-0.000216758
0.0481714
-0.0138808
0.0192164
-0.0142366
0.0233415
-0.00223877
-0.0364621
-0.0460579
-0.064093
-0.000729374
-0.0372114
0.00798767
-0.0435609
-0.00102265
0.00715658
-0.00322504
0.00512501
-0.021215
0.0286585
0.0242074
0.0255235
0.0091555
0.0562958
0.00783913
-0.023776
-0.0214753
-0.0393244
-0.00943777
0.0291659
0.0142091
-0.0145638
0.0287677
-0.00119445
-0.0355162
-0.051481
-0.0678698
-0.00242895
-0.0242453
0.0264917
-0.0227934
0.0229629
0.0166102
-0.0317167
-0.0563852
-0.0651839
-0.000912502
-0.0332936
0.012068
-0.0323032
0.0166535
-0.00482235
-0.00810928
0.00849748
-0.0389439
-0.0016479
0.0403666
0.0286077
-0.0288583
0.0470019
-0.0160479
0.00721117
0.00496541
-0.0502212
0.00790209
0.0605273
0.0241098
-0.0425961
0.0215579
-0.00274163
-0.0109641
-0.0145729
-0.0356694
0.0451056
-0.0255406
0.00961237
-0.0294503
0.0377914
0.0217354
-0.0281102
-0.00999789
-0.0436526
0.0196799
-0.0425095
-0.020251
-0.0700903
0.00139207
-0.016192
0.00984151
0.00700962
-0.03495
0.022897
0.0545338
0.00975282
-0.0364703
0.0261012
0.0150331
-0.0203047
-0.0424957
-0.0372564
-0.0131694
0.00799527
-0.0143829
-0.0815276
-0.00794531
-0.00298939
-0.013118
0.0275845
-0.00435387
0.0448888
-0.016613
0.00911573
-0.0618901
0.0250678
0.00181278
-0.0285064
-0.00313861
-0.0366851
0.00448659
-0.0211691
-0.0210631
-0.0696958
-0.00917837
-0.0064186
-0.00835987
0.000356178
-0.00152395
0.0310687
0.0280637
0.0148213
-0.0288968
0.0458979
0.0225472
-0.0223745
-0.013887
-0.0308462
-0.012382
0.00819321
-0.0161744
-0.0273897
0.00694358
-0.00132088
-0.0391194
-0.0020158
0.0136522
0.0480674
-0.0237632
0.00140717
-0.0210073
-0.00319744
-0.0104515
-0.0159478
-0.00253673
-0.0133436
0.0308984
-0.0555451
0.00149997
-0.030058
-0.00250851
-0.0190815
0.00145147
-0.00840999
-0.0124314
0.0168645
0.0369567
0.0113779
-0.00631456
0.0153098
0.00575743
-0.0271516
-0.00416321
-0.0355562
0.0101289
0.0277656
-0.00170602
-0.0423831
0.00694541
-0.0215673
-0.0335994
-0.0204215
-0.0348905
0.0116261
-0.0575407
0.000619701
-0.0351881
0.000387591
-0.00370622
-0.0266774
-0.0372756
-0.0393388
-0.0192687
-0.0693704
0.000174774
-0.0418688
-0.00323269
-0.0137584
-0.00144404
-0.0070243
-0.018591
0.0395303
0.0338125
0.00424056
-0.0289106
0.0454509
-0.000247963
-0.00770667
-0.012591
-0.0203879
0.00882306
0.0117063
0.0106188
-0.017161
0.0446922
0.0244641
-0.0370837
-0.02396
-0.0167738
0.0318812
-0.0284264
-0.000521009
-0.0417509
-0.00314794
-0.0252268
-0.0391755
-0.0307006
-0.0105724
0.0536038
-0.0293019
-0.0102243
-0.0294713
0.00419083
-0.0280136
-0.0355835
-0.0137086
-0.000673099
0.0228599
0.0279575
0.03792
0.00409802
0.0313308
-0.00938321
-0.0422603
-0.0150976
-0.000747171
0.0547133
0.044969
0.0182859
-0.0344971
0.00844813
-0.0494143
-0.067756
-0.0341274
-0.0197215
0.048884
-0.0374839
-0.0322062
-0.0330798
0.00662323
-0.027324
-0.0574011
-0.011176
-0.0183888
0.000240422
-0.0716362
-0.017786
-0.0238
0.0114622
-0.0167664
-0.0243333
-0.0188323
-0.00745848
0.0655478
0.0494534
0.00499115
-0.0224499
-0.0127061
-0.0372518
-0.00242463
-0.0198575
0.0125568
0.0253759
0.0063111
-0.0153189
-0.00907085
-0.0161745
-0.00845325
-0.0479585
0.00254484
0.0267946
0.0413692
-0.0504089
-0.00227822
-0.0198039
0.0170159
-0.0274879
-0.0538555
-0.0131633
0.009678
0.00938714
-0.0455961
-0.035695
-0.00954717
-0.00444958
-0.0550951
0.0164112
0.00585985
0.0331216
0.0326655
0.0288843
0.0283082
0.0312991
0.0213967
-0.00037777
-0.000794819
-0.00174286
-0.00419304
-0.00906076
0.0138765
-0.00129487
0.00923807
-0.0103805
-0.022499
0.00705975
0.0287902
0.0701264
0.0591471
-0.0232793
0.0116344
0.0069524
0.00582799
-0.0100471
-0.00584228
-0.0121503
0.0232123
0.0197575
-0.0436076
0.00215074
-0.0418656
-0.0634843
-0.0259428
0.0269132
0.0383273
0.0321308
0.0198003
0.0258686
0.0266188
0.0206161
-0.00116018
0.0127732
-0.00695549
-0.0359114
0.0107455
-0.00953076
-0.00420664
-0.00659914
-0.0450826
-0.0684458
0.000320736
0.0566103
-0.0057721
0.0045931
0.028206
-0.0777261
0.00801372
-0.0237504
-0.0300326
0.0484258
0.0325309
-0.0223023
0.0254191
0.0042774
-0.0955896
0.003494
-0.00675547
-0.0045293
0.0603565
0.0205222
-0.0522636
-0.00885678
-0.00471288
-0.0339703
0.0119644
-0.012175
-0.0406027
0.0325401
0.00247102
-0.0680404
-0.0240008
-0.0236455
-0.0412719
0.00711947
-0.00403164
-0.0189252
0.0142591
0.0324692
-0.0223611
-0.036855
0.035081
0.0561948
0.0105133
-0.0643652
-0.0421503
-0.000808614
0.0676581
-0.000873111
-0.0161288
0.0298114
0.0152989
0.0380021
-0.0106346
-0.0218626
0.0413041
-0.00458921
-0.0451769
-0.0456897
0.0274873
0.0249475
0.0314905
-0.0391574
-0.0438306
-0.00039884
0.0387796
-0.0266026
-0.0227623
-0.0194275
0.00695028
0.0374682
-0.0189112
-0.0280236
0.0338586
0.0521613
-0.0118751
-0.0237363
-0.000530256
0.0291522
0.0386545
-0.0206335
-0.00631085
0.063917
0.0301113
-0.0198222
-0.038019
-0.0169989
0.0305319
0.0297111
0.000963815
0.000141834
0.0480879
0.0159873
-0.0185862
0.0242769
-0.00840761
0.0236732
0.046884
-0.0127373
-0.0406926
0.00799689
0.0794826
-0.00253776
0.00673477
-0.00249315
0.0184558
0.00224826
-0.028255
-0.0108717
0.0323086
-0.0132981
-0.0180888
-0.0167116
0.0308831
0.031817
0.0306552
0.0282081
-0.00997689
0.00362495
-0.0382709
-0.0106159
-0.00758914
0.00751673
0.026794
0.0335059
0.0406047
0.0440479
-0.0169719
0.0286888
-0.0145738
-0.0032647
0.0141381
0.0387769
0.0155237
-0.00942898
0.0177312
0.0367349
-0.013376
-0.0134358
0.0199522
0.0370993
0.0356643
0.00319199
0.000230332
0.0460366
-0.00397239
-0.0538257
0.00931612
0.010041
-0.00988242
0.0389326
0.00320867
0.0100807
0.0259347
-0.0409325
-0.0258533
0.0283858
-0.0261925
-0.066316
-0.0355839
-0.0473172
-0.0460272
-0.00743336
-0.0519596
-0.0175485
0.0575964
0.114738
0.0452757
0.024697
-0.0217772
0.0177458
0.0255026
-0.0553401
0.034694
0.114749
0.0901354
-0.0175093
-0.0467233
-0.0854148
-0.0617112
-0.0575042
-0.0648014
0.0401605
0.0492653
-0.0237207
-0.0627489
-0.0162854
-0.0142703
-0.0120693
0.0228763
-0.0189724
0.0175768
0.0271635
-0.0434094
-0.0736942
-0.0186426
-0.0305991
-0.04482
0.0204406
-0.0251563
0.0895103
0.144799
0.0103272
-0.0518149
-0.0373682
-0.0247217
-0.0283233
0.00331649
-0.0327665
0.0627396
0.0764338
-0.0464633
-0.0650113
-0.0389421
-0.0332268
-0.040938
-0.0150932
-0.0243754
-0.00423547
0.0632248
-0.0175422
-0.0217996
0.0179737
-0.0120338
-0.0264923
0.0469095
-0.00962976
0.0114269
0.0361594
-0.0377253
-0.000613584
0.0271192
-0.020218
-0.0405613
0.0179054
-0.0292102
0.0350428
0.0708629
-0.0340467
-0.0440474
-0.0176319
-0.00719882
-0.015246
-0.00674421
-0.0146847
0.0118008
0.0332614
-0.0397242
-0.023955
-0.00745054
-0.0296026
-0.015123
-0.00480416
-0.0119895
0.00788967
0.0367685
-0.0215254
0.0252032
0.0354024
-0.00348995
-0.0197447
0.0363839
0.00194119
-0.0132614
0.00890441
-0.0118452
-0.0236367
-0.0164431
-0.0170187
-0.0285828
0.0246139
-0.0164565
0.0283821
0.0900207
-0.0119249
0.0236252
0.00771251
0.00641113
-0.00383924
0.0325107
-0.000254067
0.0400335
0.0701457
-0.0177035
-0.0276917
-0.019907
-0.0216748
-0.00883644
0.0252774
-0.00140402
-0.00164471
0.015749
0.00606225
-0.00396851
-0.0254097
-0.0130735
-0.00854846
0.0421071
0.0033943
0.00634873
0.0133085
-0.0284775
-0.0186737
-0.00144731
-0.0288313
-0.0136984
0.0347101
0.001584
0.0728191
0.0717003
-0.00464173
-0.0224394
-0.0255694
0.00415646
0.0132995
0.0333744
0.0104463
0.0435325
0.0393115
-0.0141612
-0.00782845
0.0114796
0.0262101
0.0241548
0.0306761
0.0679364
-0.0186148
-0.00854725
-0.0350685
-0.00778396
0.0425319
-0.00547823
-0.0477466
-0.000633684
-0.0226695
-0.0236074
0.0022056
-0.0290165
0.0041723
0.0321431
-0.00973746
-0.0731986
-0.0280025
-0.0450818
0.0398878
0.0213551
-0.0101703
0.0157363
0.0669694
0.0414674
0.0251877
0.0155878
0.0509482
0.0561162
0.0170776
0.0109005
0.0295137
0.0471996
0.0261222
-0.0271109
0.00398446
0.016453
-0.0253573
-0.00278228
-0.0269104
0.0188491
0.0457909
-0.00887377
-0.0495661
-0.0138395
-0.0589462
-0.0338548
-0.00373902
-0.0169733
-0.0104651
-0.000889755
-0.00173865
-0.018359
-0.0258322
-0.0440531
0.0513722
0.0347541
0.00555242
0.0309511
0.0567365
0.00895562
-0.0484946
-0.0157828
-0.0199161
0.0127681
0.0214078
0.00924973
-0.0145919
0.0170094
-0.0170932
-0.0413741
-0.0370217
-0.00403542
-0.0583084
-0.000171906
-0.0308818
-0.0216247
0.00854524
0.028448
-0.00287437
-0.0126385
-0.0626368
-0.0562843
-0.0209908
-0.0455367
0.0176914
0.0180343
0.0119988
-0.0277316
-0.0205544
-0.063804
-0.0018217
0.0126887
-0.00572903
-0.000380248
0.0439331
0.0261315
0.00476101
-0.0133981
-0.0234688
0.0120248
0.0111862
-0.0364895
0.0253368
0.0703857
0.0124309
-0.0117349
0.000237427
0.0218072
-0.0191511
-0.0125398
-0.00549647
0.033744
0.00833402
-0.00129437
-0.0277546
-0.0136453
-0.0501125
-0.0301591
0.0027596
0.00621386
0.00203527
-0.0179582
-0.0342096
-0.0209025
-0.0120584
-0.0418653
0.0186246
0.0340064
0.00856122
0.0253974
0.0309527
0.0180885
-0.0251727
0.000731541
-0.000689706
0.0208556
0.030504
0.0297821
0.00877441
0.0168484
0.0183482
0.00999398
0.0216459
-0.0021104
-0.0439011
0.0100978
0.00948338
0.0118254
-0.00595381
0.0052531
0.0358058
0.0330175
-0.0275587
-0.0559509
-0.0269244
-0.0275918
-0.045672
-0.0370813
-0.0128488
0.0248004
-0.00322642
-0.0571003
0.0128578
0.058491
0.0454587
0.0409748
0.0464906
0.0673279
0.0608621
0.0741803
0.0111232
-0.0161733
0.00757857
-0.00652018
0.0216346
0.0539103
0.0521434
0.0807296
0.0668539
-0.0286766
-0.00377249
0.00333521
0.0142883
-0.015245
0.0230633
0.0496848
0.0586092
0.0289139
0.00517545
-0.02523
-0.0375093
-0.0329272
-0.0646972
-0.020814
-0.0179017
-0.0300791
-0.0356025
-0.00701248
0.00806134
-0.00772971
0.0115045
0.0714601
0.0896006
0.108659
0.106207
0.0697557
0.0186055
-0.0475772
-0.0777561
-0.053205
-0.0243325
0.0212686
0.0269629
-0.0136787
-0.0375482
-0.0221426
0.0196875
-0.0304046
0.00559542
0.00613584
-0.0293447
0.00180267
-0.0117216
-0.00912117
0.0485623
0.00160021
-0.0269461
0.029069
0.0196029
-0.00144254
-0.00541795
-0.0133798
-0.0179452
0.0133032
0.0248053
-0.0418168
0.000484267
-0.0156034
-0.01861
-0.00750281
-0.00864106
-0.0164511
0.034387
-0.0158034
-0.0383475
0.0157189
0.0109245
-0.0199248
-0.00460953
-0.0166346
-0.0280994
-0.0317728
0.00155686
-0.0384607
-0.0269221
0.0438005
0.0181668
0.000367838
-0.0279112
-0.046574
0.0017689
0.0434589
-0.0272092
0.0159457
0.0394868
0.0113625
0.0255388
-0.0447105
-0.0276672
0.0370338
0.0300231
-0.0269412
-0.0308795
0.0256331
0.017713
0.0119323
-0.0297805
-0.0387336
0.0603907
0.0508269
-0.0100808
0.0154677
0.060505
0.0131082
0.0461685
-0.0402786
-0.0484108
0.0782209
-0.0330334
-0.0308185
0.030814
0.0179953
-0.0335573
-0.0278794
-0.0769498
-0.0805999
-0.059079
0.0626773
0.0729538
0.0684327
0.0407668
-0.0321903
-0.0341254
-0.032014
-0.0203425
0.00300112
-0.0223801
0.0292975
0.144502
0.14386
0.0526181
0.0213314
-0.0529298
-0.0998494
-0.0510187
0.101352
0.174391
0.221604
0.159048
0.0387009
0.0117133
0.00229554
0.0150987
0.0691646
0.048484
0.0179697
-0.00240055
-0.0165191
-0.0641921
-0.0571202
-0.0282948
0.0404958
0.0413724
-0.0299898
-0.00347084
0.0546268
0.0264064
-0.0542287
-0.0659683
-0.00996336
0.0633971
0.00483652
0.108321
0.134893
0.0898944
0.0458617
-0.0406188
-0.036426
0.0391263
0.124214
0.119979
0.002905
0.0764643
0.128802
0.0892225
-0.0199066
-0.0240531
0.0906611
0.105681
0.0560763
-0.0188202
0.143516
0.22509
0.120419
-0.0132724
-0.0687764
-0.0166383
0.00820406
-0.0616884
0.00803106
0.155446
0.129675
-0.0112737
-0.097326
-0.131288
-0.0942513
-0.0829513
-0.114002
-0.0639079
0.148478
0.260755
0.144704
0.0176163
-0.0039398
0.0722885
0.0455118
-0.0376884
-0.0855531
0.0690209
0.105503
-0.0227288
-0.100046
-0.0945497
-0.0368897
-0.0775695
-0.137785
0.104632
0.197391
0.0827093
-0.0036831
-0.0345435
-0.0222765
0.00267611
0.0446002
-0.00968948
0.0737177
0.0793049
-0.0476171
-0.0759284
-0.0658913
-0.0143203
-0.022304
0.0230508
0.0211432
-0.0151534
0.0694205
0.0425602
-0.048542
-0.0729083
-0.0179824
0.00822194
0.0241363
-0.070502
-0.0146253
0.0067371
-0.0585755
-0.101279
-0.118801
-0.0605919
-0.0495848
0.0114223
-0.0224057
0.0837903
0.0954706
-0.0170471
-0.0564297
-0.0626868
-0.00705509
0.00160857
0.0370639
0.063203
0.0896543
0.0770182
-0.0199192
-0.0362162
-0.0383904
-0.0228121
0.0293784
0.0577817
0.0465517
0.00192582
0.0379514
-0.0467239
-0.0602899
-0.102937
-0.0563059
-0.0387652
0.0295234
-0.0196106
0.0106445
-0.0069075
-0.0554039
-0.0819816
-0.0666411
-0.061258
-0.016575
-0.00237084
-0.0385232
0.0642676
0.125993
0.00771245
0.0120355
-0.0320294
0.0218353
0.0413722
0.0789394
0.037571
0.106972
0.117554
-0.00662989
-0.0279853
-0.0265696
0.00689039
0.0261547
0.0472379
0.0273385
-0.0274484
-0.000787226
-0.0446657
-0.0394698
-0.0291867
0.0117426
0.012022
-0.00347386
-0.0730064
-0.0313631
-0.00491946
-0.0447503
-0.0584449
0.0137735
0.0131204
-0.0309042
-0.0259968
-0.0639733
0.110727
0.115154
0.0119057
-0.027407
-0.0186142
0.0221028
0.0085409
0.0599936
0.0719208
0.0812753
0.053296
-0.0117208
-0.0231018
0.0139748
0.0273192
0.0352235
0.082291
0.0920673
-0.0501036
0.0149903
-0.0164467
-0.033685
0.00467448
0.038401
-0.0153541
-0.00686263
-0.0592112
-0.0617014
-0.0518086
-0.0650209
-0.0587183
0.000509758
-0.00340697
-0.0239642
-0.00262065
-0.0272778
0.0793512
0.041591
-0.0391762
-0.048828
-0.000518872
0.0201813
0.0264883
0.0661434
0.0971379
0.0870327
0.0490265
-0.0172094
-0.0404655
0.00463249
-0.00886653
-0.0098294
0.0542894
0.0867116
-0.0359991
-0.0386647
-0.0889512
-0.0998628
-0.0362709
-0.0185146
-0.0297929
0.00160751
-0.00830963
0.0368333
-0.0129245
-0.0851915
-0.0902416
-0.0135918
-0.0438562
-0.0765025
0.0133069
0.0313203
0.0576562
0.0262632
-0.0174901
-0.0331752
-0.00901559
-0.0501568
-0.0364303
0.0367722
0.0515653
0.0491178
0.0488989
-0.0218659
-0.0557167
-0.0249984
-0.0495833
-0.0312555
0.00298629
0.0357583
0.0547098
0.00975849
-0.0564141
-0.079996
-0.0394466
-0.0890575
-0.0827746
0.0122177
0.0143666
0.0606597
0.06032
-0.0265929
-0.0910289
-0.0714514
-0.0798921
-0.0419423
0.00818623
0.0467311
-0.00720111
0.0310267
-0.0407634
-0.0675181
-0.0269993
-0.0226281
-0.0310509
-0.00470412
-0.0144285
0.0111309
0.0292164
-0.0472869
-0.0153352
0.00271788
-0.0159981
-0.0374266
0.0146906
0.026629
0.042752
0.0907489
-0.0239507
-0.0974651
-0.0719652
-0.0780342
-0.0279487
-0.00955017
0.00252212
0.0711829
0.0674827
-0.0372693
-0.0705066
-0.0461214
-0.0655386
-0.0467519
0.0139391
0.0627192
-0.0112767
0.00847674
-0.0260604
-0.0284369
-0.0485075
-0.0385383
-0.0597016
-0.00597648
-0.00322235
0.0141953
0.00703238
-0.0144643
-0.034176
-0.0562089
-0.0438505
-0.0511227
-0.018689
-0.00324268
0.071988
0.0341084
-0.0487809
-0.0832644
-0.0974678
-0.0796205
-0.0913871
0.0388791
0.0780504
0.119616
0.066671
-0.000394062
-0.0374331
-0.0623928
-0.0748712
-0.0663464
0.0596248
0.113861
0.00647779
0.0589175
0.0263762
0.00339643
-0.0177681
0.00466335
-0.00170605
0.00986139
-0.0152874
-0.0551549
-0.0210095
-0.00988015
-0.0113372
0.0295657
0.00175515
-0.00129298
-0.0225905
-0.0900097
0.102102
0.115404
0.0669042
0.0312464
-0.0150841
-0.00773297
0.00496017
0.0871646
0.0905984
0.0337043
0.0448069
0.0433006
0.0133773
0.0617992
0.0341508
0.0146299
0.0382328
-5.31877e-006
-0.0319698
-0.0177693
0.0382589
0.106913
0.108724
0.13599
0.0735611
0.0212069
-0.0250706
-0.0974808
-0.0950283
-0.0461214
-0.0402059
-0.00738698
0.0167914
-0.036179
-0.0776466
-0.0842724
0.001316
0.0263633
0.0600128
0.106976
0.166284
0.159239
0.0998135
0.0716199
0.0176278
-0.0900216
-0.0875574
-0.0611229
-0.0391923
0.0549747
0.0263574
-0.0279427
-0.0658585
-0.0704089
-0.00714938
-0.0220031
0.0185097
0.00621096
0.00527811
0.0230504
-0.0235635
-0.0166873
-0.000941637
-0.0502732
-0.0373797
0.0248759
0.0190861
0.00624774
0.0360224
0.0165522
-0.0162929
-0.0609088
0.00735329
-0.0339647
-0.0227336
-0.0284561
0.00192339
0.038801
0.0137118
-0.011364
0.0223884
0.00424288
-0.0327089
0.00340417
0.0163173
-0.0156087
0.0351171
0.0336018
-0.0205632
-0.0278576
0.0466528
-0.0497283
-0.0671771
0.0125685
0.0202866
0.0114683
-0.053658
-0.0569641
0.0592086
0.0580269
-0.0685956
-0.0321529
0.0672373
0.0533284
0.0668131
-0.0137852
-0.0487992
0.0876886
0.060916
-0.0651951
-0.0820388
0.0186603
0.0179762
0.00633227
-0.0510144
-0.0417859
0.0631475
0.078353
-0.0663126
-0.0428184
0.05504
0.0584695
0.0850741
0.00534353
-0.0551211
0.0713178
-0.0728242
-0.0501683
0.0607485
0.115602
0.0641685
0.0645183
-0.00220464
-0.0923622
-0.0720972
-0.0149668
0.113689
0.16033
0.138306
0.0362031
0.0734376
0.0516299
0.000251947
-0.0452054
-0.0891951
-0.102177
-0.0430081
0.0346744
0.0612936
0.14384
0.0897092
-0.0549959
-0.0856398
-0.0388642
-0.0162046
0.0125031
0.068648
0.0428787
0.12477
0.159603
0.099069
0.00976052
0.0201375
0.119619
0.083834
0.0599623
-0.0382628
-0.0130565
0.0402007
0.0695058
0.0114378
-0.0644853
0.0386867
0.110176
0.0524463
-0.0143366
0.00926366
0.100795
0.079636
-0.0389609
0.0356802
0.0962099
0.0435024
0.019627
-0.0277012
0.00978581
0.0880878
0.114662
0.03186
-0.0233348
0.0768716
0.0950984
0.023513
0.00467929
0.0308251
0.131846
0.0597071
-0.0145065
-0.103034
0.0881623
0.182727
0.137142
0.0556279
0.0841211
0.138272
0.0724087
-0.0607374
-0.174194
-0.0354491
0.0204564
-0.0173514
-0.0557621
-0.0277588
0.0190603
-0.0347032
-0.161591
-0.0755792
0.0595521
0.12806
0.0979347
0.0838955
0.161076
0.234107
0.112272
-0.0959785
-0.168131
-0.065599
0.00328652
-0.00287735
-0.0369182
0.0153968
0.0379167
-0.0505103
-0.16851
-0.0584798
0.0258858
0.0423911
0.00527718
-0.0154715
0.0238683
0.0508639
0.0533189
-0.0788396
-0.0386059
-5.96214e-005
-0.0383088
-0.0614003
-0.0781634
-0.0648834
-0.0347201
0.0132329
-0.0568659
-0.0606866
0.0285228
0.0345027
0.0381379
-0.011146
0.022273
0.0493942
0.0478472
-0.0554367
-0.0244665
0.0209281
-0.00514136
-0.0349015
-0.0645228
-0.0672897
-0.0473443
0.0140464
-0.0301843
-0.0227865
0.0328369
0.00628408
-0.021585
-0.0378768
-0.0205093
-0.00765772
0.0522741
-0.00389235
-0.0575804
0.00189058
-0.014276
-0.0342478
-0.0259845
-0.00685377
0.0102719
-0.000536879
-0.0610022
0.00520288
0.0426023
0.0198506
-0.0150577
-0.0258264
-0.029451
-0.0285578
0.0159635
-0.0125474
-0.0591517
0.00958275
0.00438732
-0.0354919
-0.0116788
-0.00053032
-0.0319902
-0.0328937
-0.056112
-0.0829451
0.0217026
0.0227903
0.01995
0.0256534
0.059944
0.0313534
-0.00783786
-0.094985
-0.101003
-0.00633465
0.0186976
0.0413143
0.0878912
0.0690585
0.021147
-0.0211415
-0.118915
-0.0872589
0.00213922
0.0424444
0.0402131
0.028945
0.0306196
-0.00416749
-0.0035882
-0.0917478
-0.0869865
-0.00593998
0.0213474
0.0661843
0.0863444
0.0381415
-0.0119392
-0.0366996
-0.11018
-0.0994568
0.0154716
0.0268063
0.0698318
0.11952
0.109725
0.0258593
0.00319835
-0.0916278
-0.107988
-0.0270685
-0.0306791
0.0145722
0.0714151
0.0381645
-0.00126121
0.0196345
-0.0920372
-0.0830565
0.0364096
0.0190671
0.0910746
0.115237
0.0711842
0.0154169
-0.00996838
-0.103552
-0.0811809
0.0199855
0.0182403
0.0353884
0.0547112
0.0232682
-0.0177989
-0.00235516
-0.0880439
-0.0859327
-0.01538
-0.028405
-0.0252041
0.00220456
0.0153737
-0.0314356
0.00827796
-0.0491696
0.0115496
0.0381601
-0.0219449
-0.0173639
0.00644815
-0.00348058
-0.0330783
0.0225394
0.0205611
-0.0302603
0.00832954
0.000540448
0.00232872
0.00745764
-0.0097014
-0.0191191
0.0025085
-0.0750018
0.0300936
0.0243808
-0.0110211
0.00100241
0.000710483
-0.013068
-0.0388733
0.0345784
0.0430337
-0.00937163
0.0338377
-0.0367973
-0.0426697
-0.03127
-0.0549321
-0.0730186
0.0136862
-0.0158477
0.0388857
0.0991003
0.0101584
-0.0588324
-0.0577138
-0.0499966
-0.0250011
0.0527482
0.0137325
-0.0130306
0.0209496
-0.0680536
-0.0441261
-0.0314366
-0.041288
-0.0422036
0.0173791
-0.0031417
0.0346793
0.0678977
-0.0280369
-0.0458736
-0.0533563
-0.0563723
0.02209
0.0706513
0.0359712
0.0397417
0.100114
-0.013174
-0.0735574
-0.0447279
-0.0714612
-0.0354431
0.0253876
0.00886955
0.0668402
0.0693397
-0.0441607
-0.0709178
-0.052016
-0.0583228
-0.0626499
0.0187264
0.035325
0.0302161
0.0438995
-0.0327975
-0.059737
-0.0457678
-0.0972225
-0.0220827
0.0697042
0.0258147
0.0628262
0.0401916
-0.0568151
-0.0626017
-0.0576304
-0.09565
-0.0642739
0.0406974
0.0471021
0.0337447
0.0447947
-0.0340695
-0.0727291
-0.0927653
-0.0823047
-0.0904428
0.0117804
0.0551623
0.069207
0.0672838
0.00557434
-0.0454097
-0.0712167
-0.064003
-0.0309796
0.0669039
0.0854954
0.0594033
0.0119924
-0.0819423
-0.081143
-0.0859594
-0.101738
-0.0565115
0.015555
0.0123393
0.0866641
0.02682
-0.0558581
-0.0673197
-0.0726248
-0.0624611
-0.00614532
0.0742884
0.072388
0.035806
0.0489246
0.0264577
-0.00422213
-0.0359301
-0.0154739
0.00402231
0.0651524
0.0754934
-0.0115409
0.000291305
0.00184073
0.0133954
0.0567159
0.0349831
0.00701818
0.0140539
-0.0137306
0.0701884
0.0166082
-0.0217266
-0.0482864
-0.0472967
-0.00228575
0.0323799
0.0850261
0.0542399
-0.00144909
0.0154437
0.0100542
0.027642
0.0469457
0.00572792
0.0152001
0.0300583
-0.0137031
-0.017322
-0.00573249
0.0226518
0.115537
0.190547
0.161012
0.0543497
0.0153337
-0.0181032
-0.12787
-0.108475
-0.0646903
-0.0427197
0.0653882
-0.00654851
-0.0310746
-0.0821516
-0.106088
-0.00615993
0.0279823
0.0584826
0.177436
0.166723
0.118069
0.057911
0.0325513
-0.0210701
-0.111241
-0.0919292
-0.0384137
0.0368237
0.0602138
-0.023554
-0.0534131
-0.103416
-0.126851
-0.00285362
-0.0370985
-0.0138243
-0.00786307
0.00585842
0.0352055
0.0201947
-0.0209989
0.015079
-0.0101016
-0.023579
-0.00470073
0.00070091
-0.0293403
0.0320937
0.00844268
-0.0335637
-0.0200746
0.0100056
-0.0156036
0.0219129
0.0441106
0.0169119
0.0101257
-0.00359479
-0.0395867
-0.00619526
-0.0267472
-0.00988736
0.0375087
0.0258325
-0.0129889
0.0116864
0.00468254
-0.0383854
-0.00412334
0.0469802
-0.0381216
-0.037754
0.0184851
0.0359876
0.0452365
0.017047
-0.0113884
0.0365817
0.0778133
-0.0296965
-0.0258545
0.0437409
0.00701423
0.0577251
0.0364421
-0.020288
0.0679611
0.0115409
-0.0128852
-0.0165797
0.0170364
0.0401926
0.0727885
0.0131658
-0.0226051
0.0103347
0.0694392
-0.0203045
-0.0317546
0.0157169
0.0259851
0.0236023
0.0234956
-0.0276559
0.0656498
-0.0340924
-0.0831364
-0.0596884
0.0113161
0.0418162
0.152446
0.13945
0.0346097
0.00137786
0.049947
0.00608863
-0.0245052
0.0018531
0.0213253
0.145259
0.205608
0.184498
0.125675
-0.0353792
-0.0867442
-0.0676569
-0.0296128
-0.00751286
0.0197965
0.02418
-0.0390841
0.00256021
0.0190365
-0.0415994
-0.0655581
-0.0327416
-0.0344367
0.0479224
0.0595229
0.071222
0.0945095
0.09324
0.117158
0.0216136
-0.019423
-0.0442538
0.00753784
0.078955
0.131249
0.116105
0.0664485
0.143528
0.0795481
-0.0204166
-0.0112364
0.077797
0.14441
0.109446
0.0442528
0.030447
0.0230109
-0.0442651
-0.0397418
-0.0598882
-0.0315454
-0.00633999
0.0139071
0.0607131
0.0141625
0.0738672
-0.00708692
-0.0351839
-0.0519443
0.0157377
0.0516767
0.0228415
0.0077853
-0.0491351
0.0805572
0.0715168
0.015232
0.0141172
0.158546
0.257008
0.165996
-0.0684907
-0.150634
-0.0450416
-0.037063
-0.0568927
-0.112441
-0.00805275
0.112207
0.0663548
-0.0919714
-0.0580944
0.0390255
-0.0243684
-0.0446057
-0.00611862
0.102788
0.207449
0.178405
-0.021448
-0.120451
-0.0962051
-0.112124
-0.107793
-0.118434
-0.0500068
0.116904
0.148319
-0.0118533
-0.0709526
0.0208598
0.00287604
-0.0147161
-0.100333
-0.0450432
0.0410319
0.0929163
-0.0109328
-0.0107589
0.0204437
-0.01994
-0.064476
-0.116522
-0.0893902
-0.0582844
0.0224081
-0.0118646
-0.0284469
-0.0117769
-0.0223747
-0.0348336
-0.05235
-0.0391862
0.08365
0.194889
0.0803505
0.00443671
0.00595657
-0.00121756
-0.0322334
-0.0785514
-0.0671222
-0.0385195
0.0935317
0.0500079
-0.00933792
0.0329012
-0.0115083
-0.0650646
-0.0973025
-0.067041
-0.0672798
0.0548216
0.00940456
-0.0415521
0.00412773
-0.0116246
-0.0684235
-0.0734988
-0.084474
-0.0619913
-0.0080623
-0.0049625
0.0530391
0.0482348
0.0112968
-0.0212976
-0.0667201
-0.0567707
-0.00767786
0.108425
0.0676507
0.0428376
0.042144
0.0151019
-0.0463661
-0.040817
-0.0553583
-0.00369554
0.0993473
0.0577877
-0.062544
-0.00338949
0.0110371
-0.0100173
-0.0434169
-0.038939
-0.0473312
-0.0131558
-0.0342926
-0.0653463
-0.00881668
-0.0398563
-0.0250882
-0.0246673
-0.0587399
-0.0440489
-0.00410087
-0.0374549
0.070242
0.0544388
0.0382189
-0.000621435
-0.0292937
-0.0209066
0.00549224
0.117396
0.0736703
0.0364368
0.040299
0.0308983
-0.00147689
-0.0195212
-0.0399637
-0.00443512
0.0966734
0.101349
-0.070846
-0.0166172
-0.058375
0.00803557
-0.0192147
-0.0447884
-0.0333282
0.0121429
-0.0434215
-0.024041
-0.0261693
-0.0394802
-0.0110401
-0.0312619
-0.0718595
-0.0673277
-0.0171434
-0.0538142
0.0464291
0.0440616
-0.00621024
0.013497
-0.00457723
-0.0236792
0.00396471
0.0822452
0.103624
0.101365
0.046433
0.013892
0.0358935
0.0292892
-0.0164464
-0.0122636
0.0572897
0.0849207
0.00333124
-0.00815976
-0.01313
-0.0280931
-0.0604014
-0.0768482
-0.0690665
-0.00934553
-0.036102
0.034437
0.000883392
-0.0592723
-0.0456008
-0.0299677
-0.0682263
-0.0727104
-0.00662311
0.0245804
0.0787405
0.052525
0.0257094
0.0246843
0.00119401
-0.0318343
-0.0513395
0.0407795
0.0625184
0.0487421
0.0377897
-0.0217718
-0.00490334
0.00766874
-0.0402337
-0.0497392
0.0197966
0.058926
0.0242703
0.0236909
-0.0795573
-0.0733219
-0.0458294
-0.0535435
-0.0479757
0.0191838
0.0587551
0.0486886
0.0324993
-0.0698313
-0.0825114
-0.0797062
-0.0839107
-0.00974925
0.0646027
0.0737666
0.0342775
0.00847483
-0.0670308
-0.0470127
-0.0215412
-0.0335072
-0.0273497
0.0115042
0.0544585
0.037466
-0.0343546
-0.0776671
-0.0564266
-0.0386445
-0.0690552
-0.0506952
0.0184671
0.0440211
0.0173069
0.0222694
-0.0316794
-0.0491391
-0.0689695
-0.0991065
-0.0173511
0.0935989
0.0535476
0.0730601
0.0231917
-0.0577345
-0.0610712
-0.070812
-0.0750432
-0.031554
0.0927666
0.0641669
0.00861041
-0.00298077
-0.0483798
-0.00942101
-0.033666
-0.0712271
-0.035511
0.0278616
0.0165175
0.00979327
0.00324106
-0.0449299
-0.0245733
-0.000979601
-0.0356884
-0.0257491
0.0216023
0.0161357
0.0682432
0.0408195
-0.0791622
-0.0725005
-0.0778013
-0.063182
-0.031129
0.0642751
0.0620913
0.108354
0.0421004
-0.053948
-0.075808
-0.0658141
-0.021799
0.0314497
0.0888455
0.0994393
-0.0296467
-0.0125104
-0.0811202
-0.0487969
-0.0519987
-0.0344623
-0.00141155
0.0109571
-0.0264164
0.00422462
-0.0105461
-0.0404221
-0.0362187
-0.0405908
-0.0269644
0.00145227
0.0236328
0.0100364
0.0627737
0.0494926
0.001284
-0.0342094
-0.0226793
0.0495376
0.0875993
0.115362
0.0840865
-0.00269053
0.0529554
0.0316279
0.0261349
0.0450967
0.0357336
0.0850761
0.0736416
0.0195591
0.00967302
0.0159257
-0.00401856
-0.0058378
-0.0172638
-0.00381187
0.0405959
0.0532385
0.00109013
-0.0594384
-0.0153188
0.00564143
-0.00432923
0.00923877
-0.0295314
0.00482672
-0.0143065
-0.0559909
0.0187304
0.0731365
0.0960362
0.172392
0.145092
0.107323
0.0947983
0.0665829
0.00503028
-0.0664919
-0.0614997
-0.0347777
0.0463428
0.044941
-0.026177
-0.0485034
-0.0723016
-0.0812607
-0.0124036
0.0307473
0.0640108
0.0998755
0.0846515
0.0739228
0.0320863
0.00922383
-0.0215528
-0.0729163
-0.0762952
-0.0404468
-0.00902708
-0.0132404
-0.0357654
-0.0573402
-0.0773522
-0.0857274
0.00949947
-0.0157415
-0.000528547
0.0346167
-0.0113183
-0.00700337
-0.0342211
-0.0464212
0.011595
-0.0444421
0.0033585
0.0410434
0.0388934
-0.0251818
0.0263166
0.00279439
-0.0512781
-0.00679582
0.0174401
-0.039785
-0.0121738
0.000456382
-0.00962226
0.0117268
-0.0113853
-0.0181507
0.0261652
-0.0349158
-0.0079166
0.0489114
0.0221033
0.00216622
0.0212124
0.0213307
-0.0238361
-0.0111114
0.0193525
0.00306852
-0.0145038
0.0313904
0.0438018
0.0350883
-0.0363306
-0.0435874
-0.00688476
0.0454696
-0.00386656
-0.00293056
0.023455
0.0321054
-0.00433974
-0.0230844
-0.0384075
0.0442791
0.0230056
-0.0251191
-0.0396432
0.0248833
0.0745908
0.0431189
-0.025945
-0.0213185
0.0346944
0.0492628
0.00202995
0.00248925
0.041608
0.0466195
0.0400599
-0.0201309
-0.0310761
0.0419215
0.0226085
-0.0329557
-0.014251
0.0289323
0.0231694
-0.00327344
0.0051943
-0.0379172
0.0245903
0.0490596
-0.0268486
-0.0284754
0.00578909
-0.00634416
0.0127247
0.0146933
0.00558427
0.0858045
0.0541897
0.0163899
-0.0130186
0.0343905
0.0166427
0.00382395
-0.0145435
-0.0414024
0.0340576
0.0401246
0.016752
0.0100627
0.0269746
0.0138166
0.0070649
-0.0155219
-0.0195712
0.0349647
0.020339
-0.00908835
-0.010415
0.0161701
-0.00641075
-0.00494241
-0.00303264
-0.00619766
0.032983
0.0049006
0.0502569
0.0214665
0.0111104
0.0223692
0.01971
0.0343107
0.0154131
-0.00835583
0.00609954
0.000238115
0.0160265
0.0245054
0.0103095
0.0230219
-0.00909101
-0.00427594
-0.00528263
-0.00126363
0.0434547
0.0513109
0.022818
0.0106268
-0.00754259
0.0116099
-0.00632644
-0.0291536
-0.039643
0.0337024
0.0269355
-0.000964987
0.0193214
0.0210295
0.08218
0.0951064
-0.009729
-0.0689471
-0.0506996
-0.0328363
-0.0414403
-0.0662029
-0.0471424
0.06802
0.136641
0.0187581
-0.0318291
0.0368578
0.0342729
0.0260112
0.0281103
-0.0187197
0.00459554
-0.0017825
-0.0543193
-0.078711
-0.0249346
-0.00917121
-0.0234414
-0.0403559
-0.0615079
-0.0214409
0.0191224
-0.0425984
-0.0465923
-0.0055942
-0.01197
-0.000565063
-0.0312055
-0.0507593
0.0242104
0.159581
0.070944
-0.0289574
-0.00266182
-0.0217229
-0.0356803
-0.0378412
-0.0701869
-0.0521694
0.0949594
0.0630352
-0.0505685
0.00134942
0.0119902
-0.00218276
-0.0262621
-0.050903
-0.0094342
0.0597057
0.0275837
-0.0228107
0.034559
-0.0221297
-0.0425978
-0.0375184
-0.0821925
-0.0538341
0.0232732
0.019524
-0.0292258
0.0231304
-0.010619
-0.0158829
-0.0235996
-0.040025
-0.0243186
0.0827258
0.0351003
-0.00703544
0.00882846
-0.00348495
-0.043618
-0.0371104
-0.0400086
-0.0185203
0.0558656
0.0191121
-0.00950479
0.035792
-0.0218539
-0.0134672
0.00513643
-0.0309255
-0.0305205
0.0421303
0.0215406
-0.0137693
-0.00283544
-0.0452299
-0.0179044
0.00111264
-0.0142292
-0.0345267
0.0230401
0.0264777
0.00983014
0.020633
0.00860852
-0.00148108
0.00788766
-0.00376017
0.00810785
0.0763194
0.0430603
-0.0109381
0.0116641
7.89692e-005
-0.0256199
-0.0124439
-0.032031
-0.00359802
0.0400047
0.0502633
-0.0110675
0.0115499
-0.024385
0.00491968
0.0163552
0.0119352
-0.0204285
0.00506728
0.0172352
-0.0211799
-0.00487268
-0.0407177
-0.0223153
-0.011427
-0.027187
-0.000643749
-0.00288741
-0.0127572
-0.0144065
0.0135615
-0.00736342
0.00975522
-0.0159423
-0.000193333
-0.00803485
0.0453045
0.0588702
0.0316505
0.0244505
0.0171957
0.0328305
0.0169104
0.013873
-0.0193401
0.0416002
0.0224212
0.0043592
0.0331608
-0.0281673
-0.0219763
-0.0276896
-0.0175723
-0.00980943
-0.011584
-0.00741313
-0.0123151
0.0334717
3.2008e-005
-0.0241635
-0.02692
-0.0354125
-0.0411181
-0.0206795
-0.00535999
0.0152022
0.0351213
0.038425
0.0560463
0.0326508
0.0226226
-0.0333679
0.0445613
-0.00556333
-0.01335
0.00642147
-0.0276199
0.0233768
0.0370967
0.0140369
-0.013875
0.0186292
0.00751737
-0.0085821
0.003987
-0.0146465
-0.000642001
0.00664238
-0.0131152
-0.0260885
-0.00968295
-0.0178526
-0.0486299
-0.0362234
-0.0648697
-0.0105394
0.0213336
-0.0226509
-0.0256189
-0.0254756
-0.0312379
-0.0277869
-0.00149239
-0.0351245
0.0249791
0.0461304
0.0315644
-0.0149596
0.0300838
0.0232122
-0.0144541
-0.025232
-0.0416885
0.0256658
0.0228133
0.00814808
-0.0453968
0.0241145
0.00888822
-0.0438849
-0.001068
-0.0509132
-0.00459869
0.010383
-0.00213561
-0.0383349
-0.0213484
-0.0117861
-0.0187216
-0.0142524
-0.0332912
-0.00679493
0.00102572
-0.0150757
-0.0660616
-0.0283793
-0.027984
-0.0195786
0.00220511
-0.00765871
0.0481916
0.0435464
0.0106486
-0.00813926
0.0224367
0.00509234
-0.0168307
0.0102724
0.00177599
0.0233529
0.07809
0.0185255
-0.00219368
0.0172679
-0.0210396
-0.0436875
-0.019347
-0.0170771
0.024287
0.0292502
-0.000881694
-0.0178886
-0.0152413
-0.0603911
-0.0444926
-0.0345806
-0.0218466
-0.000711586
0.0263517
0.0171015
-0.0216318
-0.0280496
-0.0445658
-0.0390039
0.0110779
-0.0189438
0.00405558
0.0261134
0.0254342
0.0233178
0.0426715
0.0001335
-0.0210351
0.0105306
0.000835918
0.0083789
7.68497e-005
0.00797505
0.0439242
0.0621056
0.00542947
-0.0270233
-0.0228462
-0.0241918
-0.0203129
0.00337821
0.0102597
-0.00591172
-0.00619412
-0.0266368
-0.0436123
-0.0311417
-0.0298263
-0.054801
-0.0243509
-0.0159618
0.0125134
0.00266241
-0.0401077
0.00752122
0.0568194
0.049869
0.0516923
0.0546331
0.0412727
0.0727578
0.0727895
0.00803907
-0.0089556
0.0671543
0.0619707
0.0354379
0.0376628
0.00926148
0.0251034
0.0122648
-0.0228595
-0.0429326
0.0126638
0.00875202
-0.0219956
0.00233768
0.0155906
0.0275103
0.0049438
-0.0448053
-0.0564307
-0.0144726
-0.0080769
-0.0168947
-0.0149158
-0.0380333
-0.0186779
-0.0521224
-0.0633801
0.0195121
0.0575748
0.0726317
0.0777651
0.0536354
0.0516691
0.0219485
0.00647931
-0.0069647
0.00611851
-0.0275423
-0.00426486
-0.0109263
-0.0196245
-0.0316987
-0.0306274
-0.0515566
-0.0255053
0.026827
0.0219284
0.0261665
0.032696
0.00967755
-0.012938
0.0157971
-0.0280079
-0.0147017
0.0185806
-0.0340957
-0.0434218
-0.0282944
-0.0311881
-0.047316
-0.0353392
-0.0485711
-0.0210202
0.047274
-0.0275484
-0.00199432
-0.0301364
-0.0402153
-0.0204098
-0.000118032
-0.041387
0.0253068
-0.0290189
-0.0374195
-0.00258629
-0.0135327
-0.0179706
0.0266889
0.0133812
-0.0422869
-0.0197736
0.0540183
-0.00191593
-0.0113131
-0.0344602
-0.050841
-0.000182476
-0.00859096
-0.0574854
0.0133109
0.0194132
-0.025031
-0.0167447
-0.0166927
-0.0330134
0.0338386
0.00114426
-0.0398662
-0.0169196
0.0298126
-0.0368948
-0.048083
-0.00308253
0.073006
0.0386615
-0.0284305
-0.0493568
0.0225902
0.0237304
-0.0315186
-0.0269346
0.0247314
0.0371095
0.0343064
-0.0391804
-0.047633
0.0292854
0.0827468
-0.00552168
-0.013666
0.0261716
0.0401864
0.0678346
-0.0106178
-0.0225135
0.055632
0.081985
-0.019357
-0.0197757
0.0329772
-0.0210748
0.035596
-0.0233019
-0.0184955
0.0799131
0.0200781
-0.00499278
-0.00994405
0.0302715
0.052446
0.0208349
-0.0212413
-0.0554814
-0.00185015
0.0314808
0.010363
-0.00685977
0.0293323
0.0538577
0.0412676
-0.00833092
-0.0201019
0.00993033
0.0681148
-0.00271731
-0.00631939
0.0368607
-0.00631872
0.0269599
0.0132642
-0.00834429
0.0297311
0.0553107
0.0473361
0.0387597
0.0248856
-0.0201336
0.048875
0.0167303
-0.0103908
0.0109977
-0.0100289
0.0281253
-0.00938897
0.0120719
0.0074926
0.0254447
0.00602255
-0.00867416
-0.0236685
0.0159833
0.0364488
-0.00982456
0.010324
0.0117469
-0.00523968
-0.000734108
-0.0254792
-0.0152413
0.016434
0.0445774
0.0200792
0.0197871
-0.0604568
0.0391879
0.0163288
-0.00804054
-0.00437643
0.0559097
0.0513907
0.0155104
0.0362242
-0.0537175
0.0205374
-0.00266792
-0.0173496
0.0382952
-0.0103089
0.0361424
0.00968737
0.0270492
0.0459115
0.00740686
-0.0134795
-0.00818484
-0.0196745
-0.0739688
-0.0213659
-0.00277146
-0.013272
-0.00629718
-0.0215837
-0.043688
-0.0337242
-0.0790281
0.0506785
0.0405342
0.00142961
0.0258016
-0.0252461
0.0395762
0.00287093
0.0137089
0.0425778
-0.00702334
0.00607521
-0.0391129
-0.0272732
-0.0537372
-0.0138868
-0.0238878
-0.0110877
-0.0345904
-0.0436148
0.0395571
0.0422982
0.0332659
0.0268398
0.0205074
0.00014139
0.0162725
-0.0429553
-0.00690373
0.0238081
-0.0139681
-0.00850257
0.0260802
-0.0217768
-0.0288137
-0.0156623
-0.0434587
-0.0214625
0.0353377
0.0186665
0.0161949
-0.0200786
0.050644
0.0212874
0.0062401
-0.00815047
0.0119798
0.0115434
-0.00679751
-0.0209046
-0.0477816
0.030291
-0.0354377
-0.0432032
0.00558119
-0.0234012
0.0382522
-0.0202966
0.00245888
0.0452049
0.012673
-0.0430297
-0.00209447
0.000338452
-0.00373035
0.00303217
-0.0416532
0.00124179
0.0503406
0.036074
-0.053789
0.00873955
0.0189485
-0.00410038
0.0305477
-0.0111813
0.0165298
-0.0472115
0.0340568
-0.0567604
-0.0663755
-0.00335113
-0.0103149
0.00203352
-0.0434651
-0.000264349
-0.0389939
0.00844869
-0.0770201
-0.0530157
-0.015887
0.0162262
0.0294409
-0.0206994
0.0101698
0.0547475
0.0539793
-0.0209291
0.0139179
0.0269901
0.00783351
0.00310172
-0.0551421
-0.00307877
0.00214722
-0.0137496
-0.04077
-0.0100239
0.00232463
0.0272
0.00695626
-0.0343358
-0.00907353
-0.0463068
0.050088
-0.0278384
-0.00306176
0.00472163
-0.0281595
-0.0146103
-0.0720039
-0.036499
-0.0774835
0.0131094
-0.0471727
-0.00834736
-0.0246485
0.0269422
0.0646944
0.00189112
0.0349216
0.0194256
0.0108047
-0.0227429
0.00922002
0.010586
-0.00178232
0.0326043
0.0192061
0.0115191
0.0224029
0.00338974
-0.0294682
-0.0287487
-0.0129449
-0.00234775
0.0189412
-0.0350988
0.0133319
-0.0481084
0.0230896
-0.0385355
0.0142333
-0.00158964
-0.0113292
-0.0165607
-0.0144413
0.0317301
-0.0210771
0.00289882
-0.0577936
-0.0366597
-0.045964
-0.0293244
0.0094148
0.0109196
0.0238949
0.0293032
0.0333411
0.0022178
-0.0176634
-0.0172971
-0.0241332
-0.023852
-0.0509117
-0.0061561
0.0408973
0.0208976
0.0167877
-0.0115197
-0.0478664
-0.0317445
-0.0169419
-0.007065
0.0281003
-0.00780959
0.0445879
-0.0035389
-0.0335426
-0.064718
-0.0111563
0.00598858
-0.0235587
0.00925982
-0.0374318
0.035858
-0.00882509
-0.0116308
-0.039415
0.00464512
0.0217353
-0.0348448
-0.0116712
0.014945
0.0277149
0.00232094
-0.00656523
-0.00164045
0.0242345
0.000219059
-0.0414
-0.0187056
0.00543593
-0.0020541
-0.04461
-0.0233323
-0.0018784
0.0178274
0.0310742
-0.0343016
0.00838918
-0.0504381
0.0159354
-0.0384628
-0.0112363
-0.0275566
-0.00245478
0.0167533
-0.0457112
0.000211207
-0.049783
-0.0231713
-0.055136
-0.036135
-0.0179007
-0.00649897
-0.00478696
-0.0111656
0.0152166
0.031165
0.014745
0.00854287
-0.00371749
-0.0364083
-0.038615
-0.00235221
-0.00577511
0.0151895
0.0627477
0.0427918
0.00351095
-0.00256155
-0.0482186
-0.0244471
-0.00923793
-0.0427541
-0.00624334
-0.0520803
0.00156775
-0.0172257
-0.0154236
-0.0248749
-0.0294578
0.00478747
-0.0101214
-0.0118986
-0.0509388
0.0306856
-0.0124737
-0.0371961
-0.0274367
-0.0168871
0.0124964
0.00406795
0.0156179
0.0440292
0.0403004
0.00415443
0.0082006
-0.0213956
-0.0225489
-0.00932098
-0.00713619
-0.00613716
0.00367111
-0.00411098
-0.00437245
-0.0135902
-0.0235307
-0.0275197
0.0346329
-0.00343017
0.00943811
-0.0394445
0.0489336
-0.00700052
-0.02613
-0.050237
-0.0401673
0.00376067
-0.0305907
-0.00419466
-0.0716383
-0.00163551
-0.0111312
-0.0150026
-0.0405359
-0.0171743
0.0346112
0.0362673
0.0170201
0.0450054
0.0450452
0.0414101
0.0308157
0.00148042
-0.0284186
0.0117267
0.017688
-0.0223549
0.0268438
0.00489995
0.0140495
0.0155893
-0.0269433
-0.0253567
0.0158562
-0.00624941
0.00630532
-0.0473305
0.0404639
0.0227068
0.0210791
-0.0398215
-0.0324342
0.00620994
-0.0166559
-0.0202706
-0.0266166
0.00807485
0.00714944
-0.000237896
-0.0628703
0.00456798
0.00581728
0.0198687
0.0257056
0.0434263
0.0193616
0.0336262
0.0213477
-0.00550508
0.0020181
-0.0353133
-0.0315443
0.0027337
-0.0223411
-0.02218
-0.00306201
-0.0332931
-0.017558
-0.0081185
0.025717
0.0126188
0.0162555
-0.0400563
0.0466098
0.0447251
0.0294192
-0.0161866
-0.0150318
-0.0287511
0.00299581
0.00708966
-0.0648941
0.00483492
0.0128741
-0.00520883
-0.00945559
0.020643
-0.0323697
-0.0149988
-0.0244839
-0.0730508
-0.0144869
-0.0155205
-0.0603373
0.00887261
0.0156796
-0.00142583
0.0181147
-0.0316653
-0.060223
0.0152437
0.00467025
-0.0396042
-0.00424169
0.029351
-0.0384453
-0.00126534
-0.000123469
-0.0978928
0.0110711
-0.00152183
-0.0205365
0.0216325
0.0423049
0.00280614
0.0205156
-0.0291607
-0.0971171
0.022882
0.0415305
-0.00835508
0.0106022
-2.09124
