0.017948
0.00993462
-0.000320072
0.029606
-0.0193705
0.00741296
0.00549597
-0.00148861
0.0390974
0.0773074
0.00951626
-0.00704876
0.0194427
-0.00611839
0.0580247
-0.0049282
-0.00366541
0.0656913
0.0151078
-0.022135
-0.0269647
0.0234712
0.0399345
-0.0222883
-0.0311183
0.0063918
0.0206272
0.05844
-0.00560022
-0.023278
0.0466594
0.0386482
0.0485767
-0.0198229
-0.00182766
0.0387009
0.0140878
-0.00924995
0.00400822
0.0186451
0.000508391
0.0507313
-0.0108775
0.00596962
0.0376911
0.0064818
-0.00343432
0.0268
0.0423646
-0.00412946
0.0229691
0.00132689
0.00985685
0.011907
0.0316813
-0.013626
-0.0113189
0.0134663
0.0160436
0.0195506
-0.0386934
-0.00881003
0.0290345
0.0535644
0.00569865
-0.0236938
0.0125437
0.0376826
0.00333186
-0.0393362
0.00777669
0.0323327
0.0121129
0.0165061
0.0160219
0.0420905
-0.0054234
0.027068
0.0183968
-0.00823266
-0.016352
0.0514556
0.0419537
-0.0041186
0.0197654
-0.00956625
0.0435178
0.0296305
0.028599
0.0303345
0.00762932
0.0134802
-0.0150503
0.0233403
0.0389888
-0.0245213
-0.0114507
0.00326674
-0.00388877
0.0226356
-0.0140832
-0.0257998
0.00559036
0.0107434
-0.00787916
-0.00346206
0.010173
0.0274374
0.0284218
0.0470294
0.00498046
0.00345516
-0.0400777
-0.00330825
0.000197906
0.00425828
-0.00209479
-0.01398
0.00622708
-0.0100908
0.0209
-0.0488815
0.0185011
-0.0107134
-0.00740214
-0.0214994
0.0162977
0.00884831
-0.0138669
-0.0228099
0.0107956
-0.0168824
0.00478866
0.00343517
0.0125206
-0.000818958
-0.00765347
-0.0241529
-0.00697632
0.0157994
-0.0234529
-0.020572
-0.0284556
-0.0145156
-0.00942124
0.0156158
-0.0145737
0.0320542
-0.0126736
0.0152903
-0.000714379
0.0386268
-0.000802735
-0.0321603
-0.0264227
-0.0381455
-0.00596488
-0.0459125
-0.00336544
-0.0301302
0.0204901
0.0104601
-0.00454633
0.0329649
-0.0160977
-0.000434548
0.0491252
0.0238581
0.0120391
0.0515006
0.0139521
-0.0139108
0.0187737
-0.0335072
-0.00981682
0.0434334
0.00780523
-0.0163113
0.029231
0.0101285
-0.0148143
-0.0226662
-0.00652464
0.0339885
-0.0347701
0.018718
-0.0118686
0.0415065
0.0204214
-0.00739315
-0.0353221
-0.0511077
0.0108405
-0.052166
0.00194546
-0.0206025
-0.00193997
-0.0042465
0.00631304
0.0284493
-0.00904082
0.0205464
0.0403827
0.0247737
-0.0176319
0.0572756
0.00692145
0.00927081
-0.00357353
-0.0187581
-0.000851284
0.0383876
-0.00411964
-0.0362326
0.00484582
-0.00716396
0.0167365
-0.00427695
-0.0235391
0.049515
-0.0226093
0.00592554
-0.0268483
0.0136146
0.0371409
-0.0109581
-0.0118148
-0.0448476
0.0303657
-0.0446641
0.0112027
-0.0520587
0.0312685
0.00555457
0.0252679
0.00613369
0.0128582
0.0265093
0.0553317
-0.0193407
-0.0356044
0.0128052
0.0103698
-0.0108071
-0.0376548
-0.0240706
-0.0133469
0.0200467
-0.00498062
-0.0696519
0.00752034
-0.00155089
-0.0292594
0.0014395
-0.0287371
0.0410934
-0.0297525
0.0451524
-0.0313008
0.0638406
-0.00698236
-0.0396588
-0.0261144
-0.0387614
-0.00935507
-0.0429845
0.0479352
-0.0141895
0.0587377
-0.0110261
-0.0183353
-0.00602471
-0.0104659
0.0302768
0.0132281
0.0166963
-0.00478397
0.053705
0.0155899
-0.0112806
0.0214497
-0.0333656
0.00646397
-0.0106523
-0.00633243
-0.009679
0.0143475
0.0218556
-0.0138188
-0.0279942
0.00356717
0.0177745
-0.0378576
0.0503848
0.0109236
0.0332087
0.000747896
0.0029272
-0.00410464
-0.0240806
0.00643784
-0.0774716
0.00615641
-0.0164761
-0.000985156
0.000532285
0.0106549
0.0177865
-0.00388948
0.0079647
0.00414158
0.0243366
-0.0037637
-0.00693843
0.0125787
-0.0146268
0.0197003
-0.0225298
0.0167289
0.00232932
0.0170034
-0.0203315
-0.0350374
-0.0356206
-0.00980033
-0.0205833
-0.0434572
0.017596
-0.0624956
0.0106379
-0.00886036
0.00994076
0.00631861
0.00871358
-0.0180893
-0.0762293
-0.0267254
-0.0420713
0.0236664
-0.00900062
0.0189691
-0.0064332
-0.012227
0.00212644
-0.028922
0.0411825
0.0116137
0.00797252
-0.00433766
0.0231553
-0.00556616
-0.00469695
0.00100535
-0.0336232
-0.0065906
0.00714427
0.00175416
-0.0176748
0.0239528
-0.00994379
-0.00706501
0.00714357
-0.0307583
0.0202082
-0.022345
0.0228855
-0.0235079
0.0208507
0.00208261
-0.0200526
-0.0339308
-0.024127
0.0165766
-0.0351009
0.0124563
-0.0177929
-0.00292912
-0.0294014
-0.00829138
0.0181964
-0.0137533
0.00106537
0.0218467
0.0168613
-0.0231225
0.0291536
-0.0169487
-0.013022
-0.00808505
-0.00635787
0.0213827
0.0204454
0.00758104
-0.0370961
0.0168035
-0.0290401
-0.0185303
-0.035333
-0.0168198
0.0361724
-0.0353596
0.0210199
-0.0287233
0.00549162
-0.0142827
-0.0189602
-0.0258454
-0.0456693
0.0173238
-0.0804905
-0.00441309
-0.0667444
-0.0115054
-0.00494345
0.0218334
-0.0315315
-0.016636
0.00420854
0.0249474
0.0223587
0.00882488
0.0116936
0.00143571
-0.00566678
-0.0245501
-0.018576
0.00199575
-0.0117145
-0.0110618
-0.033404
-0.0343987
-0.00980066
-0.0125538
-0.000994047
0.0130445
0.0220391
-0.0741028
-0.00706923
-0.00652407
-0.00133349
0.00634469
-0.0253045
-0.0144483
-0.0189455
-0.028499
-0.0478729
-0.0213625
0.0228054
0.0225902
-0.00649692
-0.00357003
0.0318792
0.0323066
0.0326151
0.0180029
0.00413085
-0.000116478
0.0120798
-0.0192165
-0.00670658
0.0100923
0.0189286
0.000797557
0.0226331
-0.00774102
0.0210409
-0.00584556
-0.00051787
-0.00296891
0.0140643
0.0236883
0.0372523
-0.0136472
-0.0283892
-0.00960834
0.040118
0.000267198
-0.0110453
0.00291064
0.0157288
0.0358337
-0.012053
0.0314876
-0.0202733
0.00964791
-0.0135275
-0.0139233
0.00683382
0.00817373
0.00237534
0.0436178
-0.0230875
-0.0235797
0.00496692
0.0101949
-0.00481714
-0.0235966
0.00336447
0.00746013
0.0247047
-0.00178945
-0.0263985
-0.0173096
-0.00204922
0.0400895
0.00247669
-0.0204888
0.0400253
-0.0557203
0.0504883
0.00897047
0.00703131
0.0287109
-0.0157108
-0.0393858
-0.0041564
0.0402737
-0.0786239
0.0404022
0.0233229
0.0117645
-0.000944558
0.0315473
-0.0290591
-0.0184348
0.0465284
-0.0202312
0.0247661
0.000592342
-0.0159296
0.0259783
0.014629
-0.0310943
-0.0219792
0.00643286
-0.018231
0.0346368
0.0153574
-0.0261056
-0.0101371
0.0156617
-0.0185111
-0.0235395
0.0297368
0.0625292
0.00617939
-0.0220122
0.00766138
0.0010679
0.0651079
0.0147587
-0.0116661
0.0375734
0.045461
0.0309677
0.0029148
0.0336095
0.0450277
-0.00584168
-0.0314861
-0.0117897
0.0253258
0.0235563
0.0136011
-0.0149956
-0.00557051
-0.0138194
0.0471666
-0.0260852
-0.031296
0.00842828
0.0259818
0.018896
0.00333208
0.0292761
0.0549981
0.0345509
0.000971712
0.00220017
-0.0208727
0.0141081
-0.000587928
-0.0160686
0.0244712
0.0409799
0.0623389
-0.00320143
-0.00311996
-0.0381215
0.0119746
-0.021279
-0.0204248
0.00480863
0.03333
0.00337322
-0.0441323
0.0126557
-0.0102213
0.0394369
0.041737
-0.00290669
-0.0209146
0.0200969
0.059605
-0.026358
0.0148243
-0.0103308
0.0165383
0.00936839
-0.0306546
-0.0324687
0.0323242
0.018835
-0.00619318
-0.0037769
0.00634927
0.0139877
-0.0309487
-0.0199053
-0.00532802
0.0168451
0.00537896
-0.00200324
-0.0125553
-0.0114467
0.011723
0.00753759
0.0235612
0.0404684
0.04194
0.0304371
-0.028545
-0.0169171
-0.0309205
0.0267507
0.00157179
-0.0312347
0.00239514
0.0336755
0.0104816
-0.0201978
-0.0277937
0.00728385
0.0173328
-0.00356337
0.0115409
0.0365306
0.027502
-0.00797832
0.00260956
-0.0320431
-0.051194
0.0136093
-0.0166697
0.0140166
-0.008778
0.00162278
0.0153675
0.0162958
-0.0414411
-0.0354204
0.0126991
-0.00695598
-0.00924542
-0.0229466
-0.033762
-0.0300347
0.0168204
0.0459838
0.00763731
0.0143857
-0.0160572
0.023362
0.0122281
-0.0139567
0.0240489
0.0849605
0.0371171
-0.00788755
0.0097204
0.0108249
0.0174301
-0.0129811
-0.0241682
0.0270044
0.0818312
-0.015766
-0.0130324
0.033718
0.0151089
0.000590133
0.0216434
-0.0242795
0.0158928
0.0424421
-0.0570115
-0.0444906
0.0486738
0.0102528
-0.0306799
-0.00637196
-0.0320692
0.0435188
0.0930753
-0.00483911
-0.00607657
0.0206562
0.0178139
0.016403
0.0170356
-0.0461383
0.0360033
0.0418107
-0.0497915
-0.00362192
0.0389373
0.00878009
-0.0141898
-0.0171874
-0.0301985
0.0303654
0.0580305
-0.018898
-0.0174167
0.0334593
0.0179491
0.00538464
0.0327889
0.0165427
0.00168944
0.0109382
-0.0170938
-0.0161214
0.0146957
-0.0194315
-0.0283301
0.0340639
0.0084938
0.0340461
0.0700759
-0.00323894
0.00914648
0.0296135
0.0345209
0.0357811
0.000753232
-0.0262153
0.00725001
0.0532103
-0.00483381
0.00814013
-0.0140533
-0.0156073
0.000982754
-0.00624304
-0.0273405
0.0102928
0.0112905
0.00515424
0.0174492
0.0317981
-0.0218908
-0.0111592
0.0405988
0.0132502
-0.00165738
-0.00639127
-0.0118733
-0.0144205
-0.00135923
-0.0336737
-0.0215923
0.0236283
-0.0159663
0.0408574
0.106255
0.00485199
0.0372366
0.030447
0.00708812
0.0303182
0.019503
-0.00145381
0.0141447
0.0599107
-0.025116
0.0132832
0.000332847
-0.0289854
0.0157573
0.00840963
0.00293637
-0.00258487
0.00452022
-0.00475662
0.0334789
0.00160049
-0.01888
-0.00986275
0.0370955
0.0274925
-0.00373143
0.0326381
-0.0233582
0.0100089
0.00202886
-0.014929
-0.0156397
0.0153266
0.0159117
0.0290944
0.0435064
-0.000852803
0.0245095
0.00861007
0.00467557
0.0065131
0.0296569
0.012071
0.0279679
0.00475307
-0.0209268
0.017303
0.0393784
0.0448343
-0.00820354
0.0184248
0.0417576
0.000772054
0.0247263
-0.0175174
0.00509687
0.0246732
0.00740974
-0.0332387
-0.00340006
0.00505542
-0.0124371
0.0324661
-0.0377408
-0.0119664
0.0261628
0.00289991
-0.0438302
-0.0320064
-0.0274936
0.0133466
-0.00294302
-0.0089997
0.0346786
0.0787894
0.0604791
0.0249574
0.0318906
0.0217324
0.0276397
-0.00836058
-0.0125643
0.0226707
0.0771305
0.0496011
-0.0184038
0.00504298
-0.0041056
-0.0103618
0.00818505
-0.0300931
-0.004244
0.0165589
-0.014546
-0.0259459
-0.0111556
-0.0173507
-0.0162209
0.00239665
-0.0311825
-0.0285416
-0.0288529
-0.00455796
-0.01037
-0.00575807
-0.0229254
0.0368677
0.021964
-0.0287721
-0.0205108
0.0477798
0.0222218
-0.0452572
-0.0222885
-0.0164483
0.00598822
0.00805574
-0.0271678
0.000545608
0.0109003
0.0153983
-0.0408746
-0.0205868
0.0111364
-0.0166104
0.00515461
-0.0314875
-0.0375724
-0.0126228
0.00693402
-0.0210049
-0.0126583
-0.0372625
-0.0233794
-0.0347434
-0.0441916
-0.00947149
-0.0134125
-0.0102349
-0.0343607
-0.0196846
-0.0363807
0.0147739
0.0091858
-0.0127655
0.0382483
0.0683914
0.0466346
-2.83972e-005
0.0068921
-0.00752479
-0.006593
0.0114514
-0.010479
0.0406819
0.0714123
0.0157055
-0.0143752
-0.021439
-0.00112889
-0.00179858
-0.00706154
-0.00314934
0.00142465
-0.0116184
0.000484466
-0.0050335
0.0114394
-0.00585489
-0.0148857
0.0127404
-0.00335127
-0.011091
-0.0306474
-0.0139789
-0.0181513
-0.01779
-0.0350311
0.0216933
0.0275599
0.0028767
0.019704
0.0394431
0.015317
-0.0276396
-0.0191043
-0.0123707
0.017696
0.0303731
0.0339038
-0.00419107
0.0339283
0.0299698
0.00091319
-0.00915446
0.0161272
-0.0347253
0.0168826
0.00952932
0.00515334
-0.00802586
-0.0235338
-0.0107158
-0.00888292
-0.0555896
-0.033608
-0.0162333
-0.0246872
-0.0370577
-0.0433952
-0.0511834
-0.0267936
-0.0374145
-0.035568
0.00198233
0.0620141
0.0356471
0.0311233
0.0428535
0.0667948
0.0323524
0.0359175
0.00705709
0.0147881
0.0473903
0.00523499
6.06567e-005
0.0195088
0.0560151
0.0321149
0.0369437
0.010725
-0.0168612
-0.0135897
0.00978179
-0.019799
0.000881162
-0.00792907
-0.00499802
-0.0028544
0.0145714
-0.0150075
-0.0292378
-0.0123608
-0.0127554
-0.0227048
-0.0267824
-0.0276841
0.00140825
0.0176245
0.0271613
0.0150683
0.0249842
0.0144377
0.0520831
0.0745001
0.0490459
0.0362923
0.0410825
-0.0205653
-0.0421084
-0.0208372
-0.00524274
0.0202839
0.0222827
-0.0137843
-0.0178883
-0.00121
0.0214417
-0.0392489
-0.0217282
0.0280948
-0.0113785
-0.00521528
-0.0106297
0.0121138
0.0394039
-0.00424824
-0.0144903
-0.0103852
0.00791202
0.00619493
0.00588802
-0.012453
-0.0356693
-0.00492893
0.0416835
-0.0360876
-0.0144936
0.00586431
-0.0194873
0.00544448
-0.000377249
-0.00991709
0.0266571
-0.00128157
-0.0369377
0.00497548
-0.00560743
0.00180033
0.00188586
-0.00712896
-0.0326942
-0.0290246
-0.0100089
-0.021063
0.0082091
0.0381665
0.0110107
0.00153912
-0.0158543
-0.0231897
-0.0254756
0.0271963
-0.0307216
0.0162013
0.0318635
0.0207417
0.0155898
-0.0249239
-0.00090555
0.0474365
0.0170677
-0.0116637
-0.0119181
0.00748403
0.011707
-0.00103894
-0.0355956
-0.0335601
0.0136644
0.0416226
-0.0350644
0.00583309
0.0226368
0.0183927
0.0380582
-0.0371313
-0.0163729
0.0543177
-0.0582102
-0.0485829
0.00944443
-0.00889574
-0.00850758
-0.0373186
-0.0425038
-0.0517682
-0.0230173
0.0521062
0.0292374
0.0317712
0.0206348
-0.00147857
0.0188001
-0.00862295
-0.0217742
0.0194292
-0.0358816
-0.00972445
0.101378
0.102505
0.0570437
0.0129446
-0.0271044
-0.0616359
-0.03542
0.0579078
0.0886665
0.145319
0.104645
0.0518035
0.0245603
0.000158015
-0.0145799
0.026349
0.0506513
-0.0152495
-0.045616
-0.0385213
-0.0095228
-0.00902698
0.00551949
0.0324138
0.0551841
-0.0175091
-0.0392381
-0.0117345
0.0260571
-0.00345691
-0.00324594
0.0377246
0.0645698
0.0415906
0.0740572
0.0382726
-0.00203306
-0.00686623
-0.00160304
-0.00993807
0.0180325
0.0613524
0.0906612
0.0169358
0.00881575
0.0258791
0.0631104
0.043173
0.0133754
0.0683198
0.115466
0.0855065
-0.0190293
0.0783001
0.136657
0.0940275
0.0190299
-0.0426996
-0.00305284
0.018262
-0.0405089
0.030225
0.0956556
0.0753129
-0.0080995
-0.0089496
-0.054794
-0.0352472
-0.032283
-0.0692593
-0.0255164
0.0518575
0.138088
0.103163
0.0342533
0.0147951
0.045647
0.0692995
0.0223366
-0.0456174
-0.0093697
0.036711
-0.0120462
-0.0497852
-0.0494634
-0.0164672
-0.0325192
-0.0649078
0.0348789
0.119784
0.0209445
0.00836936
0.0233609
0.0180012
0.0314396
0.0378895
-0.031444
-0.00126479
0.0377001
-0.0295255
-0.0141528
-0.00187151
0.0319638
0.0168078
0.0195943
-0.00129297
-0.0175568
0.00710257
0.00566998
-0.0202844
-0.0200493
0.00867567
0.020537
-0.00236415
-0.0455398
-0.0060385
-0.0142159
-0.0255656
-0.0307197
-0.0371702
-0.00937836
-0.028921
0.00203618
0.0207558
0.0181315
0.071642
0.0151618
-0.0147027
-0.018429
0.0309021
0.0231731
0.0454136
0.0207105
0.0222294
0.07645
0.0181759
-0.0103887
-0.00929044
0.0126602
-0.00993568
0.0303376
-0.00504809
0.024296
0.016089
-0.0239161
-0.0292661
-0.04961
-0.00956882
-0.0288879
0.0354366
0.0243757
0.0171809
0.0206018
-0.0326034
-0.0439577
-0.0351978
-0.0217577
-0.021544
0.0128765
-0.0165833
0.0357479
0.131305
0.0347529
0.0379949
-0.00209763
0.024705
0.0174593
0.0449126
0.0110076
0.0443819
0.0818121
-0.034064
-0.0242186
-0.042399
-0.00994811
0.0381514
0.0345102
0.000313645
0.00921888
0.0469912
-0.00695757
-0.00596542
-0.0199435
0.00676758
0.00600051
0.00713518
-0.0207816
0.0138606
0.0249392
-0.0320573
-0.0327678
-0.0221339
-0.0222142
-0.02418
-0.00263443
0.00235323
0.0440032
0.0774218
0.00930814
-0.0241506
-0.0131013
0.0197097
-0.00194799
0.0580201
0.0444747
0.0547995
0.0441618
-0.00317775
-0.0121893
0.0289509
0.0450464
0.0152823
0.0744285
0.0670164
0.0107744
0.0526903
-0.0121196
-0.0221872
-0.011174
0.0274025
0.00381504
0.0155374
-0.0188993
-0.0300337
0.000767552
-0.0317742
-0.0555373
-0.0125269
-0.00377706
-0.0201205
-0.0114645
-0.0126562
0.0351646
0.0236956
-0.0266478
-0.0206116
0.017467
0.0389636
0.0162273
0.0846845
0.0685585
0.009415
0.0183392
-0.0423568
-0.0197545
0.0230593
0.0431347
0.00632809
0.0712327
0.026354
-0.0386381
0.0101129
-0.0498149
-0.045826
-0.0106297
-0.0134635
-0.00644335
0.00400838
-0.00354796
0.00664886
0.0240781
-0.0399195
-0.0295377
-0.0176543
-0.0117604
-0.0569976
0.029165
0.0373991
0.028705
0.0277664
-0.0307167
-0.0147088
0.00765878
0.0108566
-0.0351016
0.026575
0.021707
0.0374145
0.03221
-0.0179317
-0.0253888
-0.020689
-0.0131835
-0.0540079
0.03038
0.0100297
0.01873
0.0282521
-0.0340434
-0.0197633
-0.0205307
-0.00896369
-0.0588649
0.0304363
-0.0106328
0.0262368
0.0589692
0.00619398
-0.0380688
-0.0183573
-0.0309028
-0.0376332
0.0232461
0.0026104
-0.0207889
0.0366994
-0.0205704
-0.0244889
0.00076233
0.00293077
-0.0494562
0.0339825
-0.0179385
-0.00901988
0.0369627
-0.0179898
0.0148953
0.0164533
-0.00206427
-0.0189813
0.0151041
-0.0117484
-0.0311591
0.0767396
-0.00188537
-0.0419228
-0.0115046
-0.036753
-0.0362046
0.0286728
-0.0353959
0.0157685
0.0540592
-0.0464605
-0.00677354
0.0130265
-0.00933505
-0.0233502
0.00909926
0.0306516
-0.0185603
0.00607543
-0.026577
-0.0203676
-0.0289818
-0.030488
-0.0600084
-0.0188648
-0.00275934
-0.00826396
-0.0205384
-0.0319395
-0.02412
-0.0397686
-0.0215423
-0.0374331
-0.00955528
-0.00302558
0.0045281
0.0230666
-0.0598127
-0.0277788
-0.0252042
-0.0255198
-0.0560737
0.00757473
0.0423128
0.0651738
0.0654183
-0.0116872
0.0260931
0.0148548
-0.00610126
-0.0274199
0.0467484
0.0822246
-0.0359869
0.0233708
-0.00960257
-0.0153965
-0.0367039
0.00176575
-0.00971577
0.00756973
-0.0297499
-0.0285452
-0.00500123
-0.00621567
-0.0443554
-0.0385025
-0.0185599
-0.0137874
-0.00039978
-0.0383937
0.0349095
0.0762782
0.0489184
0.0775107
-0.000933531
0.0034064
0.004725
0.0480782
0.0182095
0.059608
0.0697687
0.0570801
0.0147986
0.0130176
0.0318622
0.021257
0.0589821
0.0286758
0.0112928
0.000798088
0.0137511
0.0142736
0.0450821
0.0791642
0.0268699
0.0111921
0.00716427
-0.0382361
-0.0627448
-0.0395642
-0.0533934
-0.0216319
0.000766522
-0.0227605
-0.0464637
-0.0283942
0.0591809
0.0839101
0.0355577
0.0505881
0.105249
0.130014
0.0703446
0.085641
0.0655792
-0.00694605
-0.042968
-0.0145713
-0.0354777
0.0128466
0.0166201
0.013362
-0.0362806
0.0144704
0.0451137
0.00441076
0.0218292
0.0250511
-0.0121015
0.0285566
-0.0110659
-0.0125347
0.0296658
-0.0258579
-0.0405961
0.0160478
0.022814
-0.0198898
0.0339849
0.00975372
-0.0133248
-0.0349619
0.0312542
-0.0229424
0.00403793
0.00168265
-0.0269019
0.0369692
0.0372687
-0.0175064
0.0424449
0.00800199
-0.0396039
-0.0060879
0.0400387
-0.0370183
0.0231347
0.0278988
-0.015112
-0.0099175
0.0485323
-0.00722649
-0.0231896
-0.0292444
0.00548019
-0.0276702
-0.0591121
-0.0258156
0.0383005
0.0634887
-0.054441
-0.0120899
0.00656918
0.0327308
0.0102073
-0.0338102
-0.0247489
0.0640785
0.0559816
0.00192625
-0.0351728
-0.0175953
0.0138489
-0.0217279
-0.0566417
-0.0211759
0.0483949
0.098575
-0.005814
-0.00917093
0.0249625
0.0555702
0.0241018
0.00181139
-0.0315493
0.0578255
-0.0557725
-0.0349928
0.071057
0.0719915
0.0704245
0.025917
0.0119057
-0.0311573
-0.0406693
-0.0109854
0.0415152
0.0737316
0.0920682
0.0439449
0.0698468
0.0209822
-0.0138065
-0.033468
-0.0520117
-0.0299949
0.0245061
0.0326435
0.0818234
0.0971892
0.0910081
-0.0298069
-0.0657942
-0.0355722
-0.0510242
-0.0066056
0.0315508
0.0447392
0.0892076
0.0851256
0.028964
-0.0295902
0.0411324
0.0584557
0.0171841
0.0125048
-0.0120144
0.00393215
-0.00125625
0.0379406
0.0470541
0.0095508
0.0233281
0.0242676
0.00886505
-0.000259083
0.00939191
0.0587455
0.0884563
0.0439238
0.0695041
0.0492632
0.0056719
-0.0140898
-0.00941832
0.00787638
0.00880439
0.0240588
0.0335244
0.0374977
0.0833167
0.0736984
-0.0208117
-0.0148627
0.00276043
0.043169
0.0171611
0.0193408
-0.032815
0.0496147
0.0913155
0.0775014
0.00627601
0.0605436
0.0831004
0.0846987
0.0157334
-0.0786091
-0.0397074
-0.0196571
-0.0074897
-0.0288179
-0.00987878
0.0160385
0.00475269
-0.0502747
-0.0188308
0.0592481
0.084365
0.0322024
0.00820182
0.0860042
0.0902239
0.042454
-0.0413825
-0.0637077
-0.0426305
0.00848078
-0.00734962
-0.0287226
-0.0164311
-0.0234559
-0.0402796
-0.0899262
-0.029298
0.0109634
0.00980588
0.0193372
-0.0211891
0.0387772
0.0236133
0.0249953
-0.0415578
-0.00204823
-0.0117813
-0.0289121
-0.0331109
-0.0399951
-0.0227704
-0.00786064
-0.00258727
-0.0210754
-0.0324991
0.00930969
0.0266001
0.0178795
-0.0321337
0.0123323
-0.00877119
-0.00879986
-0.041531
-0.0312619
-0.000624746
-0.0230771
-0.0469777
-0.0735189
-0.0454014
-0.0323285
-0.0196384
-0.0394085
-0.0125766
-0.00132803
0.00685138
-0.0103153
-0.0109324
-0.00365559
0.00251343
0.0326889
0.0135158
-0.0424213
-0.0136072
-0.0196529
-0.0132746
-0.0312413
-0.020827
-0.00208963
0.0176408
-0.0642784
-0.00287135
0.00610866
-0.0135408
-0.0346458
-0.032925
-0.00794817
0.0104917
0.00478616
-0.0236248
-0.0436475
-0.0260596
-0.0239708
-0.0354197
-0.0120213
-0.0165781
-0.0213844
0.00519395
-0.0191115
-0.0516725
0.00960382
-0.000719672
0.0224673
-0.00060402
0.0258146
0.0257438
-0.00316595
-0.0599035
-0.0133257
0.00158393
-0.00730051
0.00770919
0.037226
0.0153085
0.0238199
-0.00359369
-0.0299541
-0.0315315
-0.00756653
0.0392043
0.0142809
0.00819821
0.00964566
-0.0146574
-0.000297095
-0.0216059
-0.024835
-0.006322
0.00738993
0.0176199
0.0454548
-0.0188049
-0.0293793
-0.0205675
-0.0217968
-0.0223806
0.0258832
0.0248149
0.0362996
0.0624454
0.0600672
0.0332903
0.0399724
-0.0144292
-0.0639858
-0.00255935
-0.0120201
-0.0155771
0.0397664
-0.0223567
-0.00220705
0.0091552
-0.060334
-0.0417045
0.0234244
0.0286383
0.0695747
0.0582744
0.040941
-0.00493998
0.0125175
-0.0289576
-0.0639289
0.0143769
0.0180962
0.00472223
0.0315824
-0.0160293
-0.0299626
0.00736626
-0.035532
-0.0708069
0.0185594
-0.0227985
-0.00598514
-0.0065003
-0.0151987
-0.0254026
0.0246737
-0.031262
0.0125944
0.0542544
-0.0233447
-0.00149522
-0.0235405
-0.00227749
-0.0266262
0.0561807
0.00634785
-0.00684727
0.031749
-0.0194877
0.00368518
0.0113915
-0.0283569
-0.0095702
0.0310307
-0.0546667
0.00576259
0.0220228
-0.0522098
0.000818854
-0.00465442
0.00671019
-0.0179383
0.0522997
0.0428699
-0.0163353
0.0444221
-0.0248706
-0.000356032
-0.0286881
-0.00300734
-0.0394566
0.0356625
-0.0369737
0.0221271
0.0789645
0.0172004
-0.0357718
-0.0228353
-0.0111863
0.0189713
0.0698953
0.00898371
-0.0352281
0.00391607
-0.0545643
-0.0183572
-0.0158316
0.00212501
-0.0125434
0.0291063
-0.00823228
0.0173154
0.0461887
-0.0228969
-0.0363611
-0.0317936
-0.0305733
0.0300244
0.0628668
0.0297166
-0.0156988
0.0714313
-0.00681385
-0.0449189
-0.00328578
-0.0376955
-0.0134732
0.0527564
-0.0322293
-0.00289942
0.0323105
-0.0434125
-0.0177628
0.00535296
-0.0166916
-0.0170534
0.0304562
-0.00438632
-0.0235198
0.0238922
-0.0228552
-0.0336012
-0.0201855
-0.0578538
-0.00707082
0.0884927
-0.0129379
0.00156234
0.00708441
-0.0473748
-0.0180578
0.0127456
-0.033517
-0.0422256
0.016675
0.00273804
-0.0258443
0.00385228
-0.0329132
-0.0206281
-0.0149204
-0.0306164
-0.046904
-0.0304321
0.0107276
0.0298855
0.0559014
9.90837e-005
-0.0095824
-0.03148
-0.0203583
-0.0223339
0.0111852
0.0165152
0.00782314
-0.0114775
-0.0752026
-0.0379596
-0.0125506
-0.047295
-0.0316198
-0.0122308
-0.0457764
0.038338
0.0182594
-0.0266337
-0.0172351
-0.00962932
-0.0136533
-0.0102139
0.0378368
0.0306476
0.0150356
0.0416599
0.0125787
0.041659
-0.0242089
0.00482679
-0.0170512
0.0229463
0.0225222
0.0446744
0.0298417
-0.00354634
0.0151997
0.000108373
0.000997999
-0.00925686
0.0294707
0.0428693
0.0320313
-0.00872451
-0.0299501
-0.00860982
-0.0204763
0.0406271
-0.00602601
0.0328906
0.0121279
0.0288356
0.000789983
-0.0176099
0.000178053
-0.00404857
-0.0315097
-0.041445
0.0194332
0.0123989
0.0503537
0.0532714
0.00784207
0.0589936
0.130668
0.120366
0.016502
0.0363797
0.0425715
-0.0369
-0.0546004
-0.0518606
-0.0595692
0.0220491
-0.0146612
-0.00194172
-0.0479978
-0.0181741
0.0386084
0.0390384
0.0120128
0.0943607
0.117453
0.0352736
0.00212768
0.0240966
0.0219415
-0.0400376
-0.0668005
-0.0497871
-0.0199191
0.0197321
-0.0738585
-0.0377942
-0.0747412
-0.0402781
0.0252735
-0.0358767
0.000302358
0.0356477
-0.0085448
0.0343777
0.031022
-0.0278099
0.0265728
0.00805001
-0.0273328
3.28868e-005
0.00130506
-0.0414913
0.019641
0.0282206
-0.0102875
0.0142443
0.0205209
-0.0418227
0.0205509
0.0365072
-0.00524176
0.0163434
-0.00298823
-0.0468778
0.0211451
-0.0221848
-0.0118912
0.0240984
0.00160795
-0.00770702
-0.00383355
-0.00307897
-0.0348007
-0.0019956
0.0380803
-0.00244614
-0.0164026
0.00682528
0.00354431
0.0125115
-0.0125905
-0.000157677
0.0311281
0.08924
0.000480336
-0.00347281
0.0275212
-0.00103424
0.0235959
0.0163037
-0.0238465
0.058176
0.0110332
0.0111265
0.00801335
0.012822
0.00188177
0.0607208
-0.00441854
-0.0224394
0.0221874
0.0578529
-0.00444051
-0.008994
0.0216303
-0.00892372
0.0485495
0.0363342
-0.0212084
0.0565784
-0.00709001
-0.0351992
-0.00834411
-0.000231419
0.0697816
0.104267
0.130546
0.0206123
-0.015346
0.0293491
-0.00363229
0.0147385
0.00332909
0.0293853
0.122641
0.136414
0.12214
0.0643712
-0.0407787
-0.0568993
-0.0447688
-0.0289095
-0.00622105
0.00316481
0.0375154
-0.05014
-0.0160016
0.0190657
-0.0241113
0.000672876
0.0281257
0.00476495
0.0353908
0.031435
0.0441325
0.0285534
0.100605
0.0731775
0.0188273
-0.0110342
-0.0186884
-0.0064129
-0.00993573
0.0173889
0.0863086
0.0808028
0.110473
0.0801914
-0.0247705
-0.0139298
0.0221927
0.0352279
0.0266867
0.0378342
0.0766511
0.0242242
-0.00242227
-0.00042836
-0.000155107
-0.026144
-0.0377564
-0.0197094
0.041124
0.0603414
0.0526627
0.0196378
-0.000958616
0.00657427
0.0219319
-0.0120063
-0.0226104
-0.000105391
-0.0203302
0.050428
0.0642927
0.00443851
-0.00380134
0.09785
0.156434
0.0890582
-0.0313247
-0.0640357
-0.0181063
0.00222295
-0.040289
-0.0632527
-0.0141787
0.0438744
0.0286341
-0.0472569
-0.0340293
0.0048038
-0.00213517
-0.0373679
0.0303662
0.0874003
0.162995
0.117048
-0.0177722
-0.06531
-0.0577176
-0.0446685
-0.0562867
-0.0151096
-0.00524744
0.099695
0.107733
0.0133964
-0.0116855
0.0392438
0.033097
0.0138751
-0.0397719
-0.0298235
-0.0143262
0.0206963
-0.00898213
0.00699802
0.0277785
-0.0104382
-0.0169608
-0.0682918
-0.039864
-0.0280626
-0.00528685
-0.0270534
-0.0371629
0.00246263
0.0247914
0.00479963
0.0403388
-0.00882501
0.0321556
0.10927
0.0491164
0.0024756
0.0121087
0.0170848
0.0210847
0.0078757
-0.00760716
-0.0326751
0.0449575
0.0396679
-0.00308222
0.0177838
-0.0308672
-0.0316192
-0.0415038
-0.0120819
-0.0356017
0.0276153
-0.00208268
-0.0321301
-0.00884838
-0.00472747
-0.00919193
-0.0137697
-0.0282231
-0.0110773
0.0123937
-0.0100606
0.00896068
0.0352123
0.0155865
0.0346067
0.0109227
-0.00145031
-0.0177815
0.0610431
0.0282315
-0.0100808
0.00978727
0.0114138
0.0190691
-0.00303275
-0.0171368
0.0103157
0.0481817
0.0414942
-0.0181398
0.00576883
0.0349595
0.0195643
-0.0269678
-0.0203593
-0.0148213
0.0459665
0.00441583
-0.0371388
-0.011395
-0.0147333
-0.0203553
-0.0338484
-0.0300032
-0.0352688
0.0368833
-0.0164585
0.0115904
0.018664
0.0298687
0.0171851
-0.0147004
-0.00134815
0.0116306
0.0979761
0.0317191
0.00669319
0.0328385
0.0105811
0.00559772
0.00398571
-0.045249
-0.0175543
0.0673973
0.0669213
-0.0292915
0.00580546
-0.01006
0.0192224
-0.0254785
-0.0148053
-0.0227261
0.0505724
-0.00670659
0.00526566
0.0130097
-0.0394641
-0.0274859
-0.0170182
-0.0469345
-0.0311263
0.031708
-0.0247984
0.0557094
0.0421114
-0.0137737
0.0176497
0.00601514
-0.0300203
-0.0117483
0.0489282
0.0918786
0.109871
0.0662612
-0.0245811
0.0105025
0.0308622
-0.0209047
-0.0118976
0.0436225
0.0923232
0.00162118
0.031996
-0.0286182
-0.0122966
-0.0337696
-0.0332877
-0.0266033
0.0177759
-0.0458473
-0.0149485
0.0154052
-0.0679499
0.00170173
-0.0217581
-0.0286726
-0.0484085
-0.00496227
-0.0177207
0.0770492
0.0847382
-0.00102277
0.0151819
0.0209644
-0.0114131
-0.0119266
0.0419504
0.0514426
0.0284176
0.038146
-0.00364913
0.0250494
0.0258062
-0.0142841
-0.0218779
0.0167848
0.0319507
-0.00969044
0.036087
-0.0617766
-0.0213405
-0.0267205
-0.0243929
-0.0286449
0.0194482
0.0169649
0.0266288
0.0302051
-0.0322245
-0.0438757
-0.0836394
-0.0535994
-0.00433733
0.0636709
0.0370027
0.0215173
0.0113302
-0.0468407
0.00119821
0.00179179
-0.0197116
-0.031018
0.0269266
0.0336455
0.03129
0.00898839
-0.0510033
-0.0264346
-0.0240136
-0.043845
-0.0202902
0.0171368
0.0407212
-0.0352312
0.0151077
-0.0217604
-0.0330306
-0.0338184
-0.0459309
-0.00947544
0.0702478
0.0169045
0.032588
0.00931079
-0.0319966
-0.0234374
0.0119005
0.00295879
0.000358371
0.0357547
0.0287245
-0.00991984
0.00968487
-0.0325006
-0.0111648
0.00855848
-0.0260612
-0.0139638
0.00553527
-0.00886359
0.00656236
-0.0364101
-0.0499536
-0.0113725
0.046702
0.0130957
-0.00337269
0.0288622
-0.00659164
0.0335203
0.0341514
-0.0564967
-0.0224785
-0.0213987
-0.0205059
-0.0243842
-0.00943785
0.00521529
0.0699115
0.0544938
-0.0249538
-0.00549482
0.0123581
0.000356708
-0.0176965
0.0428973
0.0400244
-0.0301562
-0.0508239
-0.077638
-0.0312801
-0.0355881
-0.0211915
-0.0216206
-0.0132033
-0.0335582
-0.0159867
-0.0169472
-0.0337063
-0.0159003
-0.0100644
-0.0357001
-0.0414817
-0.0301554
-0.0140718
0.0166891
0.0395838
0.016392
0.0121085
0.0462217
0.0783615
0.040876
0.0686518
0.0405283
0.00709875
0.0261312
0.00309102
0.00268225
0.00678014
-0.00382992
0.0189983
0.0493238
0.0544321
0.00531852
0.00557874
0.0100255
0.00178499
0.0118644
-0.00724262
-0.00784533
0.0167723
0.0155804
-0.0171759
-0.0106787
0.00373635
-0.0291231
-0.0218787
-0.0573372
-0.0340244
-0.013609
0.00302896
0.0484125
0.0737501
0.0676735
0.101302
0.115581
0.0446429
0.0381346
0.0515797
0.0658729
-0.00315051
-0.0310703
-0.00744329
0.0395167
0.0297883
-0.0380581
-0.0318432
-0.0593747
-0.0111301
0.0354722
0.0295812
0.0479351
0.0727154
0.0560165
0.015944
0.0190136
-0.00383612
0.0386975
-0.00759921
-0.0282074
-0.0154745
0.0242907
-0.00547041
-0.034543
-0.0398758
-0.0698369
-0.0234122
0.0330466
-0.00868573
0.0179273
0.0647349
-0.0176534
-0.000421329
-0.00544931
-0.0353825
0.0265029
-0.0215809
-0.0055581
0.0270589
0.043642
-0.0100049
0.00970777
-0.0152879
-0.035338
0.00698998
0.0369474
-0.00399704
0.0133123
0.0593495
-0.018397
0.0136296
0.0178395
-0.00346374
0.0434117
-0.0280825
0.00302444
0.0641276
0.0701389
0.00588831
0.0226244
0.000197905
-0.0091026
-0.00682312
0.00456052
-0.00414111
-0.00662443
-0.00110277
-0.00312326
0.018876
-0.0175652
-0.0230441
0.017393
0.0215412
0.00524582
-0.000326889
0.0128459
-0.0143182
-0.0044828
-0.0157292
-0.0159091
0.0436079
-0.00313903
-0.00916422
-0.0328374
0.00404895
0.0606446
0.0413338
-0.0136296
0.0160406
0.0364448
0.0316995
0.0112603
0.0127685
0.0396573
0.0318955
0.028479
-0.0209143
0.00418849
0.0659534
-0.00694795
-0.0276113
-0.0175852
0.0424354
0.0139866
-0.0360703
0.0230466
-0.0242452
0.0106557
0.0301568
-0.0339435
-0.0177475
0.0122798
0.00650561
0.00330956
0.0156665
-0.0346696
0.024214
0.0125285
0.0060508
-0.0015996
0.0290875
0.015675
-0.0155356
-0.00927611
-0.0110594
0.0475793
0.0237934
-0.00141092
-0.00598683
0.0254702
0.0294194
-0.0174912
-0.0278319
-0.0301156
0.035261
0.0290248
-0.0193388
-0.0302748
0.0205589
0.0517294
0.0164012
-0.0189956
-0.0589798
-0.00185702
0.0198373
0.0292021
-0.00433075
0.0156549
0.0315277
0.0218132
-0.0254973
-0.0600765
-0.0272574
0.0288922
-0.0213631
-0.00209659
0.0130907
0.0423669
0.0254552
-0.0184113
-0.01331
0.011387
0.0338475
0.0174825
0.0161658
0.0241763
-0.00087553
0.00383355
-0.00591551
-0.000964571
0.0132523
-0.0100649
0.031354
0.0316566
-0.0119566
0.0312926
-0.00356202
0.0419059
0.0475438
-0.0235242
-0.0370995
-0.0151782
0.00898824
-0.0115694
0.0170195
0.0049484
0.0530281
0.112392
0.0258676
0.0254194
0.00825033
0.0065857
-0.0199858
0.0132942
-0.04596
-0.0362863
0.0176149
0.00414285
-0.0129942
-0.0068081
-0.0185388
-0.0274538
0.0184159
-0.0244995
-0.0226243
0.0402607
0.0393405
-0.0422697
0.00775873
0.0136183
0.0197505
0.0314319
0.00471203
-0.00484909
0.101664
0.0476534
-0.0327993
0.00418434
0.00898879
0.00933398
0.0370762
0.00285084
-0.0489591
0.0414324
0.0269233
0.00597687
0.00946377
0.00756432
0.00448041
0.0481164
-0.0105468
-0.00362922
0.0653703
0.0513197
-0.00308993
0.0174232
-0.0107633
-0.03154
0.0108102
-0.037873
-0.0555919
0.0150408
0.0283813
-0.0363354
0.021991
0.0363618
0.0376103
0.0526629
0.0132688
-0.00510338
0.0537849
0.0180678
-0.0527837
-0.00738125
0.00627996
-0.01253
0.0114795
0.00239209
-0.0154789
0.0188073
-0.0059094
0.0260836
0.0392526
-0.0020641
-0.00345493
0.0315727
-0.0112557
-0.0239721
0.0344705
0.0232291
-0.00944301
0.0173481
-0.00495363
-0.0125591
0.0117913
-0.021714
-0.0290533
0.0179262
0.0187695
-0.0378457
0.00903795
0.0239335
0.0121645
0.02035
0.015418
0.000602509
0.0732719
0.0154486
-0.0152713
0.0194251
0.00880451
0.0113624
0.0118278
-0.0231389
-0.0114598
0.0285864
0.032791
-0.0158582
0.0352819
0.0162665
0.0164873
0.0201277
0.00816745
-0.00848011
0.0230912
0.0130114
-0.00202033
0.0160945
-0.0129814
0.0034494
0.0331833
-0.0235182
0.00402476
0.0143783
0.00881026
0.0051792
0.0277878
-0.00538224
0.0222992
-0.00428913
-0.000666462
-0.0126264
0.0241067
0.0554992
0.0423997
0.0145758
-0.0199632
0.011229
0.0123002
0.0167073
-0.0083341
0.01605
0.0244837
0.0534596
0.0530524
-0.0272157
-0.0190238
0.00698957
0.00605988
0.012286
0.0192845
0.0310465
0.0180109
0.0213917
0.00693333
-0.0475994
-0.0156837
0.00323124
-0.000521275
-0.00179515
-0.00242232
0.0125456
0.019223
0.0169435
0.0534355
0.0783985
0.0379435
-0.00776771
0.0176385
-0.00715723
-0.0033572
-0.00650416
-0.0191472
0.0420637
0.0530198
0.01782
-0.0010144
0.0159333
-0.000281084
0.00486889
-0.0021532
-0.021034
0.0256898
0.0219716
0.0129303
-0.0139849
-0.00835859
-0.00923584
-0.0149427
-0.0115466
-0.0434155
-0.0014412
0.0225012
-0.025254
-0.027174
0.0156283
-0.0140761
-0.0281072
-0.0206165
-0.034741
0.0190017
0.0256687
-0.00371491
-0.0217858
0.0393183
0.0139708
-0.00567483
-0.0118556
-0.0428523
0.00467596
0.027182
0.0165585
-0.00341899
0.0451412
0.0185849
-0.0257636
0.00472246
-0.00892102
-0.021584
-0.0255919
-0.00892532
-0.0267309
0.0034077
-0.00788267
-0.0148364
-0.00138417
-0.0115907
-0.0173805
-0.0381835
-0.0152237
-0.0403043
0.00352919
-0.012779
-0.0216026
0.0200834
-0.00727017
0.0376796
0.0721975
0.0283595
0.00919813
0.0213551
0.0137634
-0.0197963
-0.0265877
0.00599536
0.0286724
0.0744993
0.0285974
-0.0207977
-0.000524203
-0.00856142
-0.0171225
0.0125353
-0.0198516
0.00907662
0.00703103
-0.00827226
-0.0365845
-0.00237692
-0.0154685
-0.0291891
-0.00448143
-0.0200987
0.00207657
0.00993633
0.00285856
-0.0348105
-0.0161658
-0.0104177
-0.0247075
-0.0252788
-0.0165905
0.0305344
0.0239598
0.0421175
0.011393
0.0250266
0.0231174
-0.00887266
-0.0104456
-0.00361784
0.0234673
0.00550237
-0.00124801
0.0249973
0.0140772
0.0101242
0.000432707
-0.00955789
-0.0345318
-0.0112006
0.000108985
0.0130487
-0.000738789
-0.0054822
0.00999679
-0.0105199
-0.0210915
-0.0245805
-0.0279615
-0.0217244
-0.0170473
0.022907
0.0110959
0.00768464
0.0193292
0.0345071
0.0532893
0.065053
0.0607096
0.0307861
0.0460131
0.0559615
0.0182026
0.00195696
0.0377478
0.0554633
0.0489207
-0.0203462
-0.0216348
0.00648601
0.0266083
0.0134621
-0.0296938
-0.0027941
0.003504
0.00405314
0.00132307
0.0274681
0.0108711
0.00272134
-0.0204031
-0.0309657
-0.0276068
0.00526274
-0.00245588
-0.0487683
-0.0121662
-0.0295033
-0.0368087
-0.0261145
0.0256696
0.0426948
0.0287386
0.0479909
0.0464784
0.0159979
0.0236614
0.000870842
0.0127804
0.0124914
0.00026264
-0.0339047
0.0147601
0.00583234
-0.0113419
0.00407522
-0.0587025
-0.0357357
0.0297881
0.0073663
-0.0162377
0.00580684
0.0194117
-0.0188874
0.0083787
-0.0210967
0.018703
0.0289645
-0.0164616
-0.0776502
-0.0493725
-0.0118899
0.000742059
0.0151501
-0.00917561
0.00678024
0.0317955
-0.00255397
0.00480763
0.00354864
-0.0168075
-0.0223289
0.00927575
-0.0334147
0.0176482
-0.0529421
-0.0348362
0.0381033
0.0333548
0.00707498
0.0460081
0.0170345
-0.0246668
-0.0273944
0.0514718
-0.0216109
-0.031377
-0.0106171
-0.00096357
0.0220899
0.00616722
-0.0335605
0.040232
-0.00558963
-0.0427757
-0.0100672
0.020851
-0.000345363
0.0299272
0.0083119
-0.0303993
-0.0175047
-0.00424303
-0.00560494
-0.0208787
0.00537386
0.0528116
0.00714629
-0.0169297
-0.00393186
0.00927787
0.0178806
-0.0100001
0.0211731
0.0591843
0.0513991
0.0289958
-0.0172466
-0.0159503
0.0456841
0.00378175
-0.00828602
0.0100512
0.0558067
-0.00143446
0.0327053
0.00149139
-0.00329277
-0.00303784
0.0476428
0.00225333
0.0163188
0.0908831
-0.0250154
0.0392914
-0.0098551
0.00285575
0.0716538
-0.00766622
-0.0102532
0.00901513
0.041333
0.0259438
0.000716663
-0.00332657
-0.00237144
0.0238904
0.0251465
-0.00707595
-0.00665133
0.00498007
0.0401055
0.0254604
0.0112462
0.0220379
0.0583308
0.0229811
-0.00651219
0.0114857
0.0588268
-0.0432068
0.0241341
0.0146315
-0.00844906
0.027752
0.0245726
0.0145461
0.0233778
0.0137583
-0.0565845
0.0521079
0.0525879
0.0146758
0.033946
-0.00262769
-0.00177859
-0.00294714
-0.0116791
0.0211526
0.00455629
0.0039961
0.023616
0.0206932
-0.00490036
-0.00901944
-0.0108704
0.0140316
0.0252066
-0.00576466
-0.00348593
-0.00401963
0.000765348
-0.00351016
-0.00384047
0.0217663
0.0244268
-0.0446992
0.0569327
0.0306475
0.00665639
0.00487873
0.0379401
-0.000785849
0.0456919
0.0494553
-0.0391261
0.0324069
0.0137167
0.0120122
0.0189688
-0.0153276
0.00256179
-0.00495996
-0.00254649
0.044181
-0.00886428
0.00710588
0.00941865
0.00592013
0.00218794
-0.0164317
-0.00476276
-0.00811468
0.0461432
-0.0047994
-0.0337792
0.00265458
0.023273
0.0218799
-0.0130401
-0.00331625
0.0113756
-0.0670239
-0.000486779
0.0155673
0.0172839
0.017225
0.0154939
0.00655965
-0.00461046
0.0250113
-0.0808633
-0.00839329
-0.0346674
-0.00283262
-0.0119426
0.00378011
0.0519045
0.031485
0.00588072
0.0583252
0.00490536
-0.0179088
0.0177256
-0.00134614
0.00622052
0.036715
-0.0168967
-0.0400802
0.0430234
-0.0159254
-0.0367345
0.000714742
-0.0105736
-0.000647452
0.0349842
0.00756516
0.0285782
-0.0505003
0.0335817
-0.0275516
-0.0051205
-0.0213609
0.0135993
-0.0148405
-0.0210998
0.0112322
-0.0309254
0.0407726
-0.0319736
-0.0206913
-0.0181866
0.00110507
0.0546975
-0.0191022
-0.00690915
0.0561606
0.0170097
-0.018703
0.00363614
0.0160321
-0.00483354
0.0175733
-0.035524
-0.0173686
0.0530448
-0.000188821
-0.0481479
0.00718317
-0.0149504
0.00636391
0.0118174
-0.0146591
0.0244721
-0.0133489
0.0495913
-0.0107986
-0.0333549
-0.0239288
-0.00249532
0.0135234
-0.0401175
0.00587577
-0.0320568
0.0242046
-0.0340262
-0.0359393
-0.0261193
0.00764817
0.0345958
0.00417488
0.0202113
0.0653234
0.0393967
-0.0394771
0.000760221
-0.00338693
-0.00833463
0.00150177
-0.0580229
0.0100598
0.0477051
0.0179004
-0.0568472
-0.0141752
-0.0201055
0.0214913
0.0308319
-0.0139729
0.00620851
-0.0502242
0.0450978
-0.0125324
-0.00841182
-0.0305649
0.000632054
0.0227377
-0.0583039
-7.04475e-005
-0.0545092
0.0458748
-0.0499234
-0.0139975
-0.046771
0.0513518
0.0537434
-0.0357957
0.00335144
0.0342189
0.0328973
-0.0162468
0.0173491
0.0119211
0.0228478
0.0139331
-0.0270716
-0.0340379
0.00626719
-0.00604326
-0.0139705
-0.00548144
-0.00374775
0.0098305
0.0463428
-0.0555538
0.0140458
-0.0435901
0.0596944
-0.0262337
0.0303757
-0.00356938
0.00102925
0.0455303
-0.0376311
0.00855737
-0.049557
0.000752699
-0.0338238
-0.00949179
-0.00377395
-0.00457363
0.0177419
-0.00327101
0.0124796
0.0234938
0.00427788
0.0187546
-0.0073512
-0.00816693
-0.00937396
0.0213202
0.0110629
-0.00114481
0.00328236
-0.0012746
-0.00409089
-0.00213877
-0.0366272
0.00762114
0.0555397
0.0109516
0.027484
-0.0446451
0.0436899
0.0260558
0.0087854
-0.016807
3.65778e-005
0.0336798
-0.0148164
0.0251274
-0.0773225
0.0060155
-0.00158912
0.0010698
-0.00283172
0.0236508
0.0291987
0.00883772
-0.0120504
-0.00365016
0.0326303
-0.00110563
0.00545436
0.0157453
0.0209731
-0.00602153
-0.0205844
0.00246046
0.00752584
-0.00751257
-0.0357233
-0.00307556
-0.000508553
0.0212316
-0.0076735
-0.0323239
0.0106566
-0.0844055
0.00325818
-0.00250745
-0.00110628
0.0030078
-0.00137135
-0.0119215
-0.0378215
0.0487396
-0.0323563
-0.0141599
-0.0372923
-0.0161713
0.00261099
-0.00997202
0.0107721
-0.0060357
0.0120979
0.023534
0.00399454
-0.00907781
-0.00492933
-0.00275929
-0.0183057
0.00347578
-0.014388
0.00351545
0.0315385
0.036121
-0.00214422
-0.00765785
-0.0204172
-0.0196615
0.00328554
-0.0280908
0.0104934
-0.0264624
0.0242681
-0.00969949
-0.00428702
-0.0146014
-0.0192595
0.00304154
-0.0240808
-0.025498
-0.073217
0.0064909
-0.0160829
-0.0219091
-0.0117622
0.0242255
0.0105816
-0.00511099
0.0302181
0.0406986
0.0472369
-0.00473784
0.00123642
0.000432437
0.0145385
-0.0053845
-0.0137356
-0.0318429
0.0105462
0.00245832
0.013303
-0.0205605
0.000768658
-0.00382685
-0.00268384
-0.0169793
-0.00375296
-0.0641576
0.0263648
0.00412571
-0.0239038
-0.020579
-0.0226264
-0.0303756
-0.0527449
-0.0202558
-0.089766
-0.00614877
-0.0215648
-0.0382768
-0.039599
-0.00838287
0.0105677
0.0150024
0.0140673
0.0704828
0.0499544
0.0366104
0.0144864
-0.00149064
-0.00845809
0.0138577
0.0205936
0.00199811
0.0398923
0.021076
0.0138599
0.00399809
0.0022644
-0.00677287
-0.0104465
-0.00990867
-0.00232643
-0.0555536
0.0447195
0.0144607
-0.00708882
-0.0225782
-0.0142239
0.020686
0.0176297
-0.00561084
-0.0499371
0.0171332
0.00982358
-0.00619194
-0.0250743
0.0160172
0.0124404
-0.0274883
-0.0168708
0.0464871
-0.00373119
0.0100337
0.0214556
0.0290484
-0.00265955
-0.0321402
-0.0321633
-0.0231051
0.0353556
0.0148049
0.0229151
0.00659554
0.0109843
0.00264451
0.0406904
-0.00582734
0.00325871
-0.0269745
0.0429452
0.0512576
0.0321978
0.00167925
0.0142249
-0.000287282
0.0134469
0.0392568
-0.0380829
0.0323208
0.0313976
-0.000401695
0.00729279
-0.0059024
-0.0600833
-0.0339501
-0.00271656
0.0101404
0.0121168
-0.00671028
-0.0291504
0.00986079
-0.0204223
-0.0292744
0.00583965
0.0237536
0.00947475
0.00216514
-0.0128556
-0.032638
-0.0268536
0.0307113
-0.0157712
0.00132365
0.0311034
-0.0658518
0.0399009
-0.0112143
-0.0244069
0.00453799
0.0166609
0.0331631
0.0385121
0.00367032
-0.0794481
0.0304128
-0.00742058
-0.026862
-0.0241309
-3.17322
